1 64631U 24140ADV 25177.81027588  .00030382  00000-0  32820-2 0  9995
2 64631  89.0612 314.1738 0060638  24.4706 335.9771 14.86846066 42393
1 64631U 24140ADV 25177.81027588  .00030382  00000-0  32820-2 0  9995
2 64631  89.0612 314.1738 0060638  24.4706 335.9771 14.86846066 42393
1 64631U 24140ADV 25181.84804826  .00034579  00000-0  37154-2 0  9998
2 64631  89.0550 313.6882 0059626   7.5523 352.6587 14.87087702 42994
1 64631U 24140ADV 25182.38636576  .00033775  00000-0  36265-2 0  9992
2 64631  89.0556 313.6240 0059526   5.5463 354.6410 14.87123457 43073
1 64631U 24140ADV 25182.85738322  .00029228  00000-0  31381-2 0  9998
2 64631  89.0552 313.5675 0059436   3.7773 356.3890 14.87150770 43141
1 64631U 24140ADV 25183.79939295  .00031117  00000-0  33367-2 0  9990
2 64631  89.0546 313.4548 0059171   0.0809   0.0417 14.87204456 43282
1 64631U 24140ADV 25184.33766894  .00029657  00000-0  31784-2 0  9991
2 64631  89.0551 313.3909 0059123 358.0769   2.0221 14.87235796 43361
1 64631U 24140ADV 25184.60680241  .00032529  00000-0  34837-2 0  9996
2 64631  89.0552 313.3590 0059075 357.0539   3.0331 14.87253502 43401
1 64631U 24140ADV 25184.80864970  .00034303  00000-0  36715-2 0  9990
2 64631  89.0544 313.3344 0059049 356.3794   3.6998 14.87270233 43433
1 64631U 24140ADV 25185.07777829  .00031289  00000-0  33492-2 0  9995
2 64631  89.0543 313.3023 0059002 355.3163   4.7504 14.87282544 43471
1 64631U 24140ADV 25185.07777829  .00031289  00000-0  33492-2 0  9995
2 64631  89.0543 313.3023 0059002 355.3163   4.7504 14.87282544 43471
1 64631U 24140ADV 25187.36521659  .00035520  00000-0  37855-2 0  9996
2 64631  89.0543 313.0288 0058668 346.5814  13.3850 14.87454630 43818
1 64631U 24140ADV 25187.36521659  .00035520  00000-0  37855-2 0  9996
2 64631  89.0543 313.0288 0058668 346.5814  13.3850 14.87454630 43818
1 64631U 24140ADV 25187.83612774  .00032345  00000-0  34458-2 0  9995
2 64631  89.0545 312.9724 0058589 344.8289  15.1178 14.87487852 43884
1 64631U 24140ADV 25188.37429853  .00040536  00000-0  43100-2 0  9994
2 64631  89.0544 312.9081 0058463 342.6756  17.2474 14.87533174 43965
1 64631U 24140ADV 25188.37429853  .00040536  00000-0  43100-2 0  9994
2 64631  89.0544 312.9081 0058463 342.6756  17.2474 14.87533174 43965
1 64631U 24140ADV 25188.84518751  .00030479  00000-0  32428-2 0  9998
2 64631  89.0542 312.8513 0058379 340.8129  19.0899 14.87557863 44033
1 64631U 24140ADV 25189.11426322  .00027309  00000-0  29057-2 0  9993
2 64631  89.0543 312.8192 0058335 339.7824  20.1093 14.87571252 44079
1 64631U 24140ADV 25189.58513900  .00027558  00000-0  29304-2 0  9994
2 64631  89.0544 312.7628 0058255 337.9628  21.9095 14.87598151 44142
1 64631U 24140ADV 25189.78694037  .00027478  00000-0  29210-2 0  9994
2 64631  89.0543 312.7387 0058244 337.1863  22.6777 14.87610182 44171
1 64631U 24140ADV 25190.32507056  .00024862  00000-0  26420-2 0  9994
2 64631  89.0544 312.6742 0058212 335.1421  24.7003 14.87637047 44252
1 64631U 24140ADV 25190.32507056  .00024862  00000-0  26420-2 0  9994
2 64631  89.0544 312.6742 0058212 335.1421  24.7003 14.87637047 44252
1 64631U 24140ADV 25191.33404052  .00019690  00000-0  20913-2 0  9992
2 64631  89.0545 312.5536 0058126 331.2651  28.5377 14.87680250 44406
1 64631U 24140ADV 25191.60309435  .00019948  00000-0  21181-2 0  9995
2 64631  89.0545 312.5213 0058102 330.2245  29.5680 14.87690846 44444
1 64631U 24140ADV 25192.61202898  .00026175  00000-0  27748-2 0  9997
2 64631  89.0549 312.4006 0058019 326.3155  33.4390 14.87737067 44595
1 64631U 24140ADV 25192.61202898  .00026175  00000-0  27748-2 0  9997
2 64631  89.0549 312.4006 0058019 326.3155  33.4390 14.87737067 44595
1 64631U 24140ADV 25193.35188948  .00031149  00000-0  32966-2 0  9993
2 64631  89.0549 312.3124 0057949 323.4705  36.2576 14.87786235 44706
1 64631U 24140ADV 25193.35188948  .00031149  00000-0  32966-2 0  9993
2 64631  89.0549 312.3124 0057949 323.4705  36.2576 14.87786235 44706
1 64631U 24140ADV 25193.75543948  .00028842  00000-0  30514-2 0  9995
2 64631  89.0548 312.2640 0057915 321.9151  37.7988 14.87811344 44767
1 64631U 24140ADV 25194.29349512  .00032518  00000-0  34357-2 0  9990
2 64631  89.0548 312.2000 0057888 319.8369  39.8587 14.87849490 44843
1 64631U 24140ADV 25194.76428309  .00033509  00000-0  35373-2 0  9994
2 64631  89.0545 312.1436 0057859 318.0342  41.6459 14.87881898 44917
1 64631U 24140ADV 25194.76428309  .00033509  00000-0  35373-2 0  9994
2 64631  89.0545 312.1436 0057859 318.0342  41.6459 14.87881898 44917
1 64631U 24140ADV 25195.30231511  .00026123  00000-0  27579-2 0  9995
2 64631  89.0543 312.0796 0057833 316.0159  43.6473 14.87911510 44990
1 64631U 24140ADV 25195.30231511  .00026123  00000-0  27579-2 0  9995
2 64631  89.0543 312.0796 0057833 316.0159  43.6473 14.87911510 44990
1 64631U 24140ADV 25196.31109601  .00033317  00000-0  35091-2 0  9992
2 64631  89.0541 311.9588 0057860 312.1118  47.5199 14.87973633 45147
1 64631U 24140ADV 25196.58009653  .00037735  00000-0  39703-2 0  9999
2 64631  89.0540 311.9268 0057870 311.0377  48.5856 14.87994040 45187
1 64631U 24140ADV 25196.78184445  .00038653  00000-0  40647-2 0  9993
2 64631  89.0552 311.9027 0057888 310.2479  49.3693 14.88010256 45217
1 64631U 24140ADV 25197.31983132  .00027761  00000-0  29209-2 0  9992
2 64631  89.0540 311.8382 0057895 308.2142  51.3881 14.88038449 45293
1 64631U 24140ADV 25197.58881978  .00033873  00000-0  35597-2 0  9994
2 64631  89.0540 311.8061 0057874 307.2104  52.3850 14.88059874 45338
1 64631U 24140ADV 25197.72331301  .00033952  00000-0  35671-2 0  9991
2 64631  89.0538 311.7899 0057898 306.6678  52.9235 14.88068696 45355
1 64631U 24140ADV 25197.72331301  .00033952  00000-0  35671-2 0  9991
2 64631  89.0538 311.7899 0057898 306.6678  52.9235 14.88068696 45355
1 64631U 24140ADV 25198.32852186  .00039470  00000-0  41394-2 0  9997
2 64631  89.0541 311.7175 0057914 304.3455  55.2301 14.88113954 45441
1 64631U 24140ADV 25198.32852186  .00039470  00000-0  41394-2 0  9997
2 64631  89.0541 311.7175 0057914 304.3455  55.2301 14.88113954 45441
1 64631U 24140ADV 25199.33715999  .00032590  00000-0  34142-2 0  9998
2 64631  89.0534 311.5963 0057901 300.5036  59.0483 14.88189491 45593
1 64631U 24140ADV 25199.33715999  .00032590  00000-0  34142-2 0  9998
2 64631  89.0534 311.5963 0057901 300.5036  59.0483 14.88189491 45593
1 64631U 24140ADV 25199.74060132  .00031309  00000-0  32783-2 0  9991
2 64631  89.0533 311.5479 0057900 298.9601  60.5829 14.88217245 45658
1 64631U 24140ADV 25200.27851112  .00029920  00000-0  31303-2 0  9991
2 64631  89.0535 311.4835 0057929 296.8861  62.6453 14.88253720 45734
1 64631U 24140ADV 25201.55599410  .00030424  00000-0  31757-2 0  9997
2 64631  89.0537 311.3305 0058010 291.9983  67.5088 14.88341350 45926
1 64631U 24140ADV 25202.56448091  .00033445  00000-0  34831-2 0  9999
2 64631  89.0537 311.2095 0058144 288.2162  71.2742 14.88412525 46076
1 64631U 24140ADV 25202.76617281  .00032845  00000-0  34195-2 0  9996
2 64631  89.0536 311.1853 0058177 287.4590  72.0284 14.88426589 46107
1 64631U 24140ADV 25202.76617281  .00032845  00000-0  34195-2 0  9996
2 64631  89.0536 311.1853 0058177 287.4590  72.0284 14.88426589 46107
1 64631U 24140ADV 25203.57292184  .00036930  00000-0  38372-2 0  9997
2 64631  89.0538 311.0884 0058251 284.4289  75.0479 14.88483699 46224
1 64631U 24140ADV 25204.31240971  .00055862  00000-0  57791-2 0  9998
2 64631  89.0540 310.9995 0058318 281.6751  77.7937 14.88561984 46339
1 64631U 24140ADV 25204.31240971  .00055862  00000-0  57791-2 0  9998
2 64631  89.0540 310.9995 0058318 281.6751  77.7937 14.88561984 46339
1 64631U 24140ADV 25204.78296972  .00058119  00000-0  60021-2 0  9999
2 64631  89.0542 310.9432 0058329 279.9373  79.5274 14.88620148 46409
1 64631U 24140ADV 25205.32073043  .00055010  00000-0  56743-2 0  9995
2 64631  89.0540 310.8787 0058303 277.9961  81.4653 14.88684716 46484
1 64631U 24140ADV 25205.32073043  .00055010  00000-0  56743-2 0  9995
2 64631  89.0540 310.8787 0058303 277.9961  81.4653 14.88684716 46484
1 64631U 24140ADV 25206.26176304  .00042376  00000-0  43674-2 0  9993
2 64631  89.0542 310.7661 0058464 274.4484  85.0066 14.88774455 46620
1 64631U 24140ADV 25206.26176304  .00042376  00000-0  43674-2 0  9993
2 64631  89.0542 310.7661 0058464 274.4484  85.0066 14.88774455 46620
1 64631U 24140ADV 25206.73225738  .00041764  00000-0  42987-2 0  9997
2 64631  89.0542 310.7103 0058610 272.6164  86.8356 14.88822882 46695
1 64631U 24140ADV 25206.73225738  .00041764  00000-0  42987-2 0  9997
2 64631  89.0542 310.7103 0058610 272.6164  86.8356 14.88822882 46695
1 64631U 24140ADV 25207.53878750  .00045457  00000-0  46670-2 0  9990
2 64631  89.0538 310.6137 0058773 269.6633  89.7860 14.88898883 46813
1 64631U 24140ADV 25207.53878750  .00045457  00000-0  46670-2 0  9990
2 64631  89.0538 310.6137 0058773 269.6633  89.7860 14.88898883 46813
1 64631U 24140ADV 25208.27806773  .00042946  00000-0  44012-2 0  9996
2 64631  89.0537 310.5247 0058893 266.9761  92.4727 14.88978404 46921
1 64631U 24140ADV 25208.27806773  .00042946  00000-0  44012-2 0  9996
2 64631  89.0537 310.5247 0058893 266.9761  92.4727 14.88978404 46921
1 64631U 24140ADV 25209.28612077  .00043225  00000-0  44199-2 0  9997
2 64631  89.0535 310.4041 0058816 263.3444  96.1088 14.89070087 47073
1 64631U 24140ADV 25209.28612077  .00043225  00000-0  44199-2 0  9997
2 64631  89.0535 310.4041 0058816 263.3444  96.1088 14.89070087 47073
1 64631U 24140ADV 25210.56290004  .00051556  00000-0  52492-2 0  9993
2 64631  89.0527 310.2506 0058975 258.6566 100.8033 14.89192850 47263
1 64631U 24140ADV 25211.23484474  .00050384  00000-0  51212-2 0  9991
2 64631  89.0532 310.1702 0059066 256.1508 103.3145 14.89261853 47360
1 64631U 24140ADV 25211.70518753  .00050216  00000-0  51001-2 0  9991
2 64631  89.0547 310.1153 0058722 254.0925 105.3828 14.89309764 47436
1 64631U 24140ADV 25212.24269906  .00054835  00000-0  55548-2 0  9995
2 64631  89.0539 310.0503 0059008 252.3278 107.1502 14.89377465 47516
1 64631U 24140ADV 25212.24269906  .00054835  00000-0  55548-2 0  9995
2 64631  89.0539 310.0503 0059008 252.3278 107.1502 14.89377465 47516
1 64631U 24140ADV 25212.71300422  .00056401  00000-0  57039-2 0  9994
2 64631  89.0539 309.9939 0059073 250.6186 108.8651 14.89433024 47581
1 64631U 24140ADV 25213.25047266  .00055999  00000-0  56520-2 0  9993
2 64631  89.0537 309.9291 0059390 248.7481 110.7399 14.89500490 47660
1 64631U 24140ADV 25213.25047266  .00055999  00000-0  56520-2 0  9993
2 64631  89.0537 309.9291 0059390 248.7481 110.7399 14.89500490 47660
1 64631U 24140ADV 25213.72074011  .00058015  00000-0  58454-2 0  9993
2 64631  89.0529 309.8723 0059457 247.2415 112.2524 14.89555979 47732
1 64631U 24140ADV 25214.25816715  .00058066  00000-0  58408-2 0  9992
2 64631  89.0530 309.8069 0059519 245.3301 114.1723 14.89618969 47819
1 64631U 24140ADV 25214.25816715  .00058066  00000-0  58408-2 0  9992
2 64631  89.0530 309.8069 0059519 245.3301 114.1723 14.89618969 47819
1 64631U 24140ADV 25215.53447397  .00046671  00000-0  46858-2 0  9995
2 64631  89.0527 309.6532 0059650 240.8167 118.7086 14.89744804 48006
1 64631U 24140ADV 25216.20617207  .00051369  00000-0  51451-2 0  9994
2 64631  89.0528 309.5720 0059755 238.4145 121.1242 14.89812249 48102
1 64631U 24140ADV 25216.67634307  .00052794  00000-0  52801-2 0  9998
2 64631  89.0531 309.5159 0059815 236.7260 122.8230 14.89860418 48171
1 64631U 24140ADV 25216.67634307  .00052794  00000-0  52801-2 0  9998
2 64631  89.0531 309.5159 0059815 236.7260 122.8230 14.89860418 48171
1 64631U 24140ADV 25217.28082627  .00052893  00000-0  52813-2 0  9991
2 64631  89.0533 309.4430 0059866 234.5352 125.0282 14.89922896 48269
1 64631U 24140ADV 25218.75835598  .00041481  00000-0  41326-2 0  9995
2 64631  89.0537 309.2650 0060212 229.2316 130.3680 14.90051299 48480
1 64631U 24140ADV 25219.22845291  .00042730  00000-0  42520-2 0  9994
2 64631  89.0536 309.2089 0060229 227.6345 131.9777 14.90092016 48551
1 64631U 24140ADV 25219.22845291  .00042730  00000-0  42520-2 0  9994
2 64631  89.0536 309.2089 0060229 227.6345 131.9777 14.90092016 48551
1 64631U 24140ADV 25220.50437005  .00043331  00000-0  43000-2 0  9999
2 64631  89.0532 309.0558 0060284 223.1183 136.5317 14.90195272 48748
1 64631U 24140ADV 25222.51870063  .00058841  00000-0  57845-2 0  9991
2 64631  89.0527 308.8140 0060360 216.0672 143.6479 14.90488613 49041
1 64631U 24140ADV 25222.51870063  .00058841  00000-0  57845-2 0  9991
2 64631  89.0527 308.8140 0060360 216.0672 143.6479 14.90488613 49041
1 64631U 24140ADV 25223.19006047  .00063571  00000-0  62319-2 0  9997
2 64631  89.0533 308.7329 0060372 213.7081 146.0304 14.90575838 49148
1 64631U 24140ADV 25223.19006047  .00063571  00000-0  62319-2 0  9997
2 64631  89.0533 308.7329 0060372 213.7081 146.0304 14.90575838 49148
1 64631U 24140ADV 25224.19703500  .00059346  00000-0  58033-2 0  9999
2 64631  89.0529 308.6119 0060526 210.2544 149.5186 14.90688230 49299
1 64631U 24140ADV 25224.19703500  .00059346  00000-0  58033-2 0  9999
2 64631  89.0529 308.6119 0060526 210.2544 149.5186 14.90688230 49299
1 64631U 24140ADV 25224.73405794  .00060378  00000-0  58948-2 0  9995
2 64631  89.0526 308.5476 0060551 208.2581 151.5360 14.90745228 49374
1 64631U 24140ADV 25225.20393461  .00073389  00000-0  71427-2 0  9998
2 64631  89.0523 308.4906 0060564 206.6542 153.1571 14.90802588 49444
1 64631U 24140ADV 25225.20393461  .00073389  00000-0  71427-2 0  9998
2 64631  89.0523 308.4906 0060564 206.6542 153.1571 14.90802588 49444
1 64631U 24140ADV 25225.74091653  .00059613  00000-0  58035-2 0  9999
2 64631  89.0520 308.4263 0060602 204.8065 155.0249 14.90859772 49529
1 64631U 24140ADV 25225.74091653  .00059613  00000-0  58035-2 0  9999
2 64631  89.0520 308.4263 0060602 204.8065 155.0249 14.90859772 49529
1 64631U 24140ADV 25226.21075651  .00060665  00000-0  58960-2 0  9998
2 64631  89.0517 308.3694 0060655 203.2303 156.6183 14.90918314 49597
1 64631U 24140ADV 25227.21749694  .00054782  00000-0  53129-2 0  9999
2 64631  89.0516 308.2478 0060574 199.7007 160.1884 14.91035625 49746
1 64631U 24140ADV 25228.22416346  .00047685  00000-0  46164-2 0  9991
2 64631  89.0513 308.1262 0060572 196.1933 163.7363 14.91140282 49893
1 64631U 24140ADV 25228.49259680  .00046952  00000-0  45432-2 0  9999
2 64631  89.0515 308.0942 0060612 195.2700 164.6703 14.91161776 49930
1 64631U 24140ADV 25228.62681196  .00049280  00000-0  47654-2 0  9990
2 64631  89.0516 308.0780 0060607 194.8044 165.1414 14.91175855 49951
1 64631U 24140ADV 25229.49918271  .00047076  00000-0  45440-2 0  9995
2 64631  89.0512 307.9722 0060679 191.7718 168.2098 14.91254834 50087
1 64631U 24140ADV 25229.49918271  .00047076  00000-0  45440-2 0  9995
2 64631  89.0512 307.9722 0060679 191.7718 168.2098 14.91254834 50087
1 64631U 24140ADV 25229.70049240  .00047240  00000-0  45572-2 0  9999
2 64631  89.0510 307.9478 0060709 191.1244 168.8648 14.91275524 50115
1 64631U 24140ADV 25229.96890085  .00049121  00000-0  47346-2 0  9999
2 64631  89.0512 307.9151 0060734 190.2116 169.7886 14.91298948 50154
1 64631U 24140ADV 25231.17668378  .00048388  00000-0  46504-2 0  9992
2 64631  89.0517 307.7696 0060779 186.0026 174.0484 14.91415724 50339
1 64631U 24140ADV 25231.17668378  .00048388  00000-0  46504-2 0  9992
2 64631  89.0517 307.7696 0060779 186.0026 174.0484 14.91415724 50339
1 64631U 24140ADV 25232.45144168  .00069463  00000-0  66293-2 0  9994
2 64631  89.0527 307.6161 0060734 181.7833 178.3190 14.91588900 50524
1 64631U 24140ADV 25232.45144168  .00069463  00000-0  66293-2 0  9994
2 64631  89.0527 307.6161 0060734 181.7833 178.3190 14.91588900 50524
1 64631U 24140ADV 25232.71979283  .00059687  00000-0  56980-2 0  9996
2 64631  89.0519 307.5835 0060797 181.0720 179.0390 14.91623146 50565
1 64631U 24140ADV 25234.93352786  .00046835  00000-0  44574-2 0  9992
2 64631  89.0514 307.3166 0060554 173.0575 187.1508 14.91817700 50893
1 64631U 24140ADV 25235.93966857  .00047789  00000-0  45362-2 0  9998
2 64631  89.0516 307.1954 0060568 169.5525 190.6981 14.91916922 51046
1 64631U 24140ADV 25236.61039173  .00048257  00000-0  45726-2 0  9991
2 64631  89.0517 307.1149 0060532 167.1475 193.1316 14.91984125 51143
1 64631U 24140ADV 25236.67746232  .00048743  00000-0  46176-2 0  9998
2 64631  89.0516 307.1068 0060533 166.9160 193.3658 14.91991481 51156
1 64631U 24140ADV 25237.21401508  .00050531  00000-0  47791-2 0  9995
2 64631  89.0516 307.0420 0060484 165.1437 195.1589 14.92049251 51232
1 64631U 24140ADV 25238.55529787  .00069868  00000-0  65639-2 0  9997
2 64631  89.0513 306.8802 0060325 160.5827 199.7722 14.92224284 51438
1 64631U 24140ADV 25238.68941641  .00067882  00000-0  63754-2 0  9998
2 64631  89.0507 306.8638 0060293 160.2522 200.1063 14.92247903 51451
1 64631U 24140ADV 25240.43277537  .00083827  00000-0  78007-2 0  9994
2 64631  89.0502 306.6521 0059911 154.4171 206.0046 14.92546433 51710
1 64631U 24140ADV 25241.17024301  .00096390  00000-0  89260-2 0  9997
2 64631  89.0499 306.5613 0059681 151.8946 208.5529 14.92685211 51824
1 64631U 24140ADV 25241.90763974  .00094294  00000-0  87069-2 0  9990
2 64631  89.0492 306.4731 0059240 149.3780 211.0931 14.92828143 51937
1 64631U 24140ADV 25242.91306508  .00110183  00000-0  10104-1 0  9999
2 64631  89.0506 306.3518 0058885 145.9405 214.5628 14.93034688 52087
1 64631U 24140ADV 25243.18115498  .00103948  00000-0  95268-2 0  9991
2 64631  89.0506 306.3193 0058823 144.9664 215.5459 14.93090541 52122
1 64631U 24140ADV 25243.65028610  .00111472  00000-0  10181-1 0  9993
2 64631  89.0506 306.2627 0058684 143.2642 217.2634 14.93195971 52190
1 64631U 24140ADV 25244.92348314  .00125449  00000-0  11363-1 0  9992
2 64631  89.0515 306.1082 0058373 138.6848 221.8822 14.93460244 52384
1 64631U 24140ADV 25245.12449231  .00143198  00000-0  12925-1 0  9991
2 64631  89.0521 306.0838 0058190 138.1201 222.4504 14.93514594 52410
1 64631U 24140ADV 25245.45948893  .00188152  00000-0  16834-1 0  9997
2 64631  89.0522 306.0435 0058056 136.9765 223.6027 14.93631017 52464
1 64631U 24140ADV 25246.12941737  .00152687  00000-0  13665-1 0  9995
2 64631  89.0520 305.9621 0057708 134.7102 225.8850 14.93817570 52560
1 64631U 24140ADV 25247.13415790  .00087081  00000-0  78218-2 0  9993
2 64631  89.0517 305.8405 0057139 131.5221 229.0933 14.94038003 52712
1 64631U 24140ADV 25247.60299266  .00101955  00000-0  91178-2 0  9990
2 64631  89.0511 305.7841 0057139 129.7241 230.9047 14.94133485 52784
1 64631U 24140ADV 25248.13877029  .00099077  00000-0  88424-2 0  9999
2 64631  89.0513 305.7190 0057018 127.8455 232.7956 14.94232495 52864
1 64631U 24140ADV 25248.87540741  .00085589  00000-0  76314-2 0  9996
2 64631  89.0509 305.6296 0056662 125.4278 235.2263 14.94353203 52978
1 64631U 24140ADV 25249.14326053  .00096448  00000-0  85770-2 0  9997
2 64631  89.0512 305.5971 0056588 124.4651 236.1945 14.94404366 53012
1 64631U 24140ADV 25250.88407429  .00064089  00000-0  56827-2 0  9994
2 64631  89.0502 305.3861 0056028 118.3934 242.2961 14.94704278 53271
1 64631U 24140ADV 25251.15186481  .00072228  00000-0  63918-2 0  9990
2 64631  89.0499 305.3536 0055928 117.4628 243.2306 14.94744741 53311
1 64631U 24140ADV 25251.62048223  .00075425  00000-0  66613-2 0  9990
2 64631  89.0490 305.2969 0055805 115.8573 244.8428 14.94812150 53385
1 64631U 24140ADV 25253.42783611  .00053583  00000-0  47223-2 0  9994
2 64631  89.0485 305.0767 0055367 109.7228 250.9988 14.95020465 53655
1 64631U 24140ADV 25254.09716537  .00042755  00000-0  37669-2 0  9993
2 64631  89.0497 304.9947 0055312 107.3653 253.3639 14.95084863 53755
1 64631U 24140ADV 25254.56567840  .00057231  00000-0  50277-2 0  9991
2 64631  89.0493 304.9382 0055199 105.7879 254.9449 14.95134665 53829
1 64631U 24140ADV 25256.10497434  .00039567  00000-0  34718-2 0  9998
2 64631  89.0492 304.7502 0054850 100.5033 260.2386 14.95278182 54057
1 64631U 24140ADV 25256.64034301  .00050244  00000-0  43979-2 0  9991
2 64631  89.0490 304.6854 0054368  98.7098 262.0298 14.95343450 54139
1 64631U 24140ADV 25258.11251377  .00055112  00000-0  48066-2 0  9990
2 64631  89.0493 304.5052 0053895  93.4393 267.3006 14.95480134 54355
1 64631U 24140ADV 25258.58089367  .00084635  00000-0  73364-2 0  9990
2 64631  89.0492 304.4482 0053926  91.7331 269.0079 14.95571142 54425
1 64631U 24140ADV 25258.84852768  .00083331  00000-0  72173-2 0  9991
2 64631  89.0489 304.4160 0053776  90.8246 269.9148 14.95616222 54461
1 64631U 24140ADV 25259.58448715  .00064205  00000-0  55613-2 0  9995
2 64631  89.0488 304.3270 0053592  88.2234 272.5136 14.95715489 54579
1 64631U 24140ADV 25261.59142063  .00056041  00000-0  48314-2 0  9995
2 64631  89.0498 304.0834 0053096  81.2015 279.5224 14.95957061 54874
1 64631U 24140ADV 25263.59802158  .00076598  00000-0  65472-2 0  9998
2 64631  89.0504 303.8397 0052424  74.2051 286.4953 14.96216400 55175
1 64631U 24140ADV 25264.13305441  .00073352  00000-0  62614-2 0  9992
2 64631  89.0504 303.7740 0052275  72.2878 288.4051 14.96290024 55259
1 64631U 24140ADV 25265.06928729  .00112952  00000-0  95545-2 0  9994
2 64631  89.0494 303.6596 0051886  68.9972 291.6799 14.96458179 55396
1 64631U 24140ADV 25265.53736073  .00110967  00000-0  93680-2 0  9997
2 64631  89.0494 303.6028 0051616  67.4573 293.2111 14.96555448 55469
1 64631U 24140ADV 25266.07225385  .00146650  00000-0  12276-1 0  9995
2 64631  89.0493 303.5372 0051219  65.5687 295.0877 14.96716758 55544
1 64631U 24140ADV 25267.07502999  .00144913  00000-0  12051-1 0  9996
2 64631  89.0490 303.4150 0050678  62.0148 298.6199 14.97001842 55690
1 64631U 24140ADV 25268.07763917  .00122511  00000-0  10166-1 0  9991
2 64631  89.0499 303.2940 0049886  58.2977 302.3105 14.97227809 55840
1 64631U 24140ADV 25269.08008612  .00125921  00000-0  10375-1 0  9997
2 64631  89.0478 303.1723 0050017  54.6707 305.9186 14.97480062 55990
1 64631U 24140ADV 25270.55006335  .00104239  00000-0  85495-2 0  9996
2 64631  89.0488 302.9899 0049161  49.4047 311.1448 14.97798958 56211
1 64631U 24140ADV 25271.08451730  .00121361  00000-0  98997-2 0  9994
2 64631  89.0486 302.9241 0048885  47.4048 313.1293 14.97932501 56293
1 64631U 24140ADV 25272.08647793  .00147990  00000-0  11944-1 0  9993
2 64631  89.0487 302.8016 0048401  43.9124 316.5939 14.98224912 56445
1 64631U 24140ADV 25273.08821155  .00130768  00000-0  10479-1 0  9997
2 64631  89.0482 302.6791 0047881  40.4352 320.0424 14.98604613 56599
1 64631U 24140ADV 25273.08821156  .00130768  00000-0  10479-1 0  9998
2 64631  89.0482 302.6791 0047881  40.4352 320.0424 14.98604613 56599
1 64631U 24140ADV 25273.35529161  .00144040  00000-0  11488-1 0  9998
2 64631  89.0487 302.6475 0047609  39.2130 321.2537 14.98729271 56632
1 64631U 24140ADV 25273.35529161  .00144040  00000-0  11488-1 0  9998
2 64631  89.0487 302.6475 0047609  39.2130 321.2537 14.98729271 56632
1 64631U 24140ADV 25273.82262811  .00170908  00000-0  13508-1 0  9993
2 64631  89.0483 302.5894 0047282  37.6089 322.8435 14.98951453 56705
1 64631U 24140ADV 25274.08964856  .00166105  00000-0  13102-1 0  9994
2 64631  89.0496 302.5573 0046938  36.1011 324.3376 14.99066403 56747
1 64631U 24140ADV 25274.08964857  .00166105  00000-0  13102-1 0  9995
2 64631  89.0496 302.5573 0046938  36.1011 324.3376 14.99066403 56747
1 64631U 24140ADV 25274.35665333  .00220043  00000-0  17174-1 0  9997
2 64631  89.0491 302.5243 0047290  35.7447 324.6936 14.99181968 56789
1 64631U 24140ADV 25274.82385123  .00194375  00000-0  15155-1 0  9990
2 64631  89.0490 302.4670 0046646  33.8646 326.5551 14.99375553 56852
1 64631U 24140ADV 25274.82385123  .00194375  00000-0  15155-1 0  9990
2 64631  89.0490 302.4670 0046646  33.8646 326.5551 14.99375553 56852
1 64631U 24140ADV 25275.55792441  .00211242  00000-0  16312-1 0  9995
2 64631  89.0487 302.3771 0046446  31.2717 329.1265 14.99666959 56964
1 64631U 24140ADV 25275.55792441  .00211242  00000-0  16312-1 0  9995
2 64631  89.0487 302.3771 0046446  31.2717 329.1265 14.99666959 56964
1 64631U 24140ADV 25276.09170991  .00146407  00000-0  11366-1 0  9999
2 64631  89.0482 302.3114 0045882  29.3534 331.0263 14.99813386 57046
1 64631U 24140ADV 25276.49201309  .00159491  00000-0  12322-1 0  9991
2 64631  89.0486 302.2625 0045568  27.8514 332.5146 14.99942705 57109
1 64631U 24140ADV 25277.82613692  .00143264  00000-0  10993-1 0  9994
2 64631  89.0491 302.0987 0044706  22.8028 337.5178 15.00312099 57304
1 64631U 24140ADV 25278.09292387  .00134687  00000-0  10329-1 0  9990
2 64631  89.0490 302.0661 0044610  22.0241 338.2897 15.00381281 57344
1 64631U 24140ADV 25279.09327692  .00099539  00000-0  76318-2 0  9996
2 64631  89.0485 301.9434 0044097  18.2606 342.0200 15.00584620 57494
1 64631U 24140ADV 25280.02682033  .00116095  00000-0  88406-2 0  9992
2 64631  89.0493 301.8288 0043598  14.5209 345.7267 15.00778282 57630
1 64631U 24140ADV 25280.09349781  .00102481  00000-0  78166-2 0  9995
2 64631  89.0482 301.8208 0043639  14.3922 345.8544 15.00783077 57644
1 64631U 24140ADV 25281.02690416  .00151025  00000-0  11376-1 0  9990
2 64631  89.0476 301.7057 0042952  11.3615 348.8578 15.01039783 57785
1 64631U 24140ADV 25281.02690416  .00151025  00000-0  11376-1 0  9990
2 64631  89.0476 301.7057 0042952  11.3615 348.8578 15.01039783 57785
1 64631U 24140ADV 25282.02681360  .00118762  00000-0  89317-2 0  9991
2 64631  89.0472 301.5826 0042459   7.6136 352.5734 15.01276270 57938
1 64631U 24140ADV 25282.02681360  .00118762  00000-0  89317-2 0  9991
2 64631  89.0472 301.5826 0042459   7.6136 352.5734 15.01276270 57938
1 64631U 24140ADV 25283.02657856  .00086201  00000-0  64820-2 0  9999
2 64631  89.0485 301.4610 0041896   4.1013 356.0557 15.01462263 58080
1 64631U 24140ADV 25283.29316147  .00111612  00000-0  83475-2 0  9995
2 64631  89.0469 301.4256 0042086   3.1591 356.9902 15.01534993 58128
1 64631U 24140ADV 25283.49308984  .00095412  00000-0  71473-2 0  9991
2 64631  89.0473 301.4012 0041849   1.8118 358.3260 15.01562959 58158
1 64631U 24140ADV 25283.49308984  .00095412  00000-0  71473-2 0  9991
2 64631  89.0473 301.4012 0041849   1.8118 358.3260 15.01562959 58158
1 64631U 24140ADV 25284.02620942  .00100342  00000-0  74910-2 0  9990
2 64631  89.0467 301.3354 0041741 359.8818   0.2399 15.01670900 58234
1 64631U 24140ADV 25284.02620943  .00100342  00000-0  74910-2 0  9991
2 64631  89.0467 301.3354 0041741 359.8818   0.2399 15.01670900 58234
1 64631U 24140ADV 25285.02568595  .00115819  00000-0  85746-2 0  9990
2 64631  89.0469 301.2124 0041468 355.9245   4.1646 15.01918726 58382
1 64631U 24140ADV 25285.49204219  .00130416  00000-0  96020-2 0  9998
2 64631  89.0463 301.1547 0041118 354.2189   5.8565 15.02066105 58457
1 64631U 24140ADV 25285.75852068  .00145206  00000-0  10651-1 0  9996
2 64631  89.0454 301.1209 0040611 353.2450   6.8233 15.02148956 58491
1 64631U 24140ADV 25286.02497804  .00149568  00000-0  10940-1 0  9996
2 64631  89.0456 301.0881 0040491 352.2925   7.7683 15.02237957 58534
1 64631U 24140ADV 25286.49124190  .00134252  00000-0  98036-2 0  9999
2 64631  89.0458 301.0307 0040276 350.5417   9.5055 15.02384129 58602
1 64631U 24140ADV 25287.02406687  .00119022  00000-0  86802-2 0  9999
2 64631  89.0458 300.9644 0039981 348.5547  11.4775 15.02518372 58684
1 64631U 24140ADV 25287.49025098  .00099663  00000-0  72681-2 0  9991
2 64631  89.0456 300.9072 0039756 346.8525  13.1670 15.02622684 58757
1 64631U 24140ADV 25288.48911264  .00124691  00000-0  90131-2 0  9990
2 64631  89.0459 300.7840 0039267 343.0487  16.9433 15.02848128 58902
1 64631U 24140ADV 25289.02177698  .00125063  00000-0  90126-2 0  9994
2 64631  89.0449 300.7183 0039052 340.9283  19.0488 15.02966847 58984
1 64631U 24140ADV 25289.48781957  .00116542  00000-0  83844-2 0  9994
2 64631  89.0444 300.6609 0038715 339.0489  20.9158 15.03083166 59052
1 64631U 24140ADV 25289.48781958  .00116542  00000-0  83844-2 0  9995
2 64631  89.0444 300.6609 0038715 339.0489  20.9158 15.03083166 59052
1 64631U 24140ADV 25290.75262368  .00187906  00000-0  13286-1 0  9990
2 64631  89.0439 300.5037 0037956 334.0298  25.9032 15.03402498 59249
1 64631U 24140ADV 25290.75262369  .00187906  00000-0  13286-1 0  9991
2 64631  89.0439 300.5037 0037956 334.0298  25.9032 15.03402498 59249
1 64631U 24140ADV 25291.01885927  .00224526  00000-0  15752-1 0  9992
2 64631  89.0432 300.4712 0037843 333.0833  26.8439 15.03512476 59283
1 64631U 24140ADV 25291.28507751  .00173652  00000-0  12243-1 0  9992
2 64631  89.0432 300.4385 0037691 332.0594  27.8617 15.03587629 59329
1 64631U 24140ADV 25291.75091965  .00209330  00000-0  14621-1 0  9994
2 64631  89.0420 300.3799 0037348 330.0813  29.8288 15.03771264 59398
1 64631U 24140ADV 25292.28323336  .00245438  00000-0  16952-1 0  9991
2 64631  89.0420 300.3144 0036978 328.1185  31.7813 15.04021236 59473
1 64631U 24140ADV 25292.74894091  .00195975  00000-0  13562-1 0  9997
2 64631  89.0428 300.2561 0036781 326.0684  33.8200 15.04202001 59548
1 64631U 24140ADV 25293.01503319  .00200967  00000-0  13857-1 0  9993
2 64631  89.0425 300.2231 0036675 325.0134  34.8693 15.04315650 59586
1 64631U 24140ADV 25293.01503320  .00200967  00000-0  13857-1 0  9995
2 64631  89.0425 300.2231 0036675 325.0134  34.8693 15.04315650 59586
1 64631U 24140ADV 25294.27874941  .00177815  00000-0  12166-1 0  9991
2 64631  89.0423 300.0662 0035897 319.9467  39.9123 15.04743289 59774
1 64631U 24140ADV 25295.01021433  .00155751  00000-0  10625-1 0  9997
2 64631  89.0410 299.9752 0035467 317.0170  42.8297 15.04974005 59888
1 64631U 24140ADV 25295.27617550  .00149555  00000-0  10194-1 0  9992
2 64631  89.0404 299.9414 0035103 315.9502  43.8939 15.05045814 59926
1 64631U 24140ADV 25295.27617550  .00149555  00000-0  10194-1 0  9992
2 64631  89.0404 299.9415 0035103 315.9502  43.8939 15.05045814 59927
1 64631U 24140ADV 25296.33986941  .00162535  00000-0  10962-1 0  9999
2 64631  89.0408 299.8090 0034633 311.2220  48.6033 15.05391595 60089
1 64631U 24140ADV 25296.33986942  .00162535  00000-0  10962-1 0  9990
2 64631  89.0408 299.8090 0034633 311.2220  48.6033 15.05391595 60089
1 64631U 24140ADV 25297.00455730  .00155299  00000-0  10428-1 0  9997
2 64631  89.0410 299.7254 0034264 308.5108  51.3058 15.05601193 60184
1 64631U 24140ADV 25297.73560547  .00162026  00000-0  10805-1 0  9995
2 64631  89.0416 299.6340 0033844 305.3064  54.5010 15.05832352 60292
1 64631U 24140ADV 25297.73560548  .00162026  00000-0  10805-1 0  9996
2 64631  89.0416 299.6340 0033844 305.3064  54.5010 15.05832352 60292
1 64631U 24140ADV 25298.00141321  .00152112  00000-0  10135-1 0  9992
2 64631  89.0421 299.6004 0033769 304.3358  55.4685 15.05917778 60335
1 64631U 24140ADV 25298.26720446  .00177430  00000-0  11752-1 0  9997
2 64631  89.0421 299.5677 0033574 303.2715  56.5307 15.06017006 60372
1 64631U 24140ADV 25298.26720446  .00177430  00000-0  11752-1 0  9997
2 64631  89.0421 299.5677 0033574 303.2715  56.5307 15.06017006 60372
1 64631U 24140ADV 25298.73230431  .00178467  00000-0  11775-1 0  9995
2 64631  89.0423 299.5093 0033313 301.2649  58.5327 15.06163562 60442
1 64631U 24140ADV 25298.73230431  .00178467  00000-0  11775-1 0  9995
2 64631  89.0423 299.5093 0033313 301.2649  58.5327 15.06163562 60442
1 64631U 24140ADV 25298.99805666  .00136459  00000-0  90389-2 0  9995
2 64631  89.0421 299.4761 0033210 300.2703  59.5249 15.06227514 60483
1 64631U 24140ADV 25299.26379481  .00127077  00000-0  84125-2 0  9994
2 64631  89.0428 299.4447 0032991 298.9867  60.8065 15.06301486 60527
1 64631U 24140ADV 25299.26379482  .00127077  00000-0  84125-2 0  9995
2 64631  89.0428 299.4447 0032991 298.9867  60.8065 15.06301486 60527
1 64631U 24140ADV 25299.99450481  .00148717  00000-0  97594-2 0  9992
2 64631  89.0420 299.3529 0032730 295.8067  63.9796 15.06525416 60636
1 64631U 24140ADV 25300.26019369  .00129726  00000-0  85225-2 0  9998
2 64631  89.0419 299.3195 0032514 294.5005  65.2843 15.06583808 60672
1 64631U 24140ADV 25300.26019370  .00129726  00000-0  85225-2 0  9990
2 64631  89.0419 299.3195 0032514 294.5005  65.2843 15.06583808 60672
1 64631U 24140ADV 25301.25640840  .00166375  00000-0  10793-1 0  9990
2 64631  89.0413 299.1948 0032158 289.9345  69.8429 15.06880908 60827
1 64631U 24140ADV 25302.45159541  .00180248  00000-0  11547-1 0  9999
2 64631  89.0399 299.0447 0031561 284.6242  75.1497 15.07290974 61003
1 64631U 24140ADV 25302.45159541  .00180248  00000-0  11547-1 0  9999
2 64631  89.0399 299.0447 0031561 284.6242  75.1497 15.07290974 61003
1 64631U 24140ADV 25303.24820297  .00204742  00000-0  12974-1 0  9991
2 64631  89.0401 298.9449 0031036 280.8763  78.8983 15.07585708 61125
1 64631U 24140ADV 25303.97828426  .00214034  00000-0  13445-1 0  9992
2 64631  89.0391 298.8531 0030637 277.7150  82.0610 15.07870409 61236
1 64631U 24140ADV 25304.70822796  .00166206  00000-0  10436-1 0  9992
2 64631  89.0396 298.7633 0030357 274.5905  85.1866 15.08129250 61346
1 64631U 24140ADV 25305.43804988  .00138636  00000-0  86812-2 0  9994
2 64631  89.0392 298.6715 0030470 271.2186  88.5562 15.08360218 61456
1 64631U 24140ADV 25305.70341522  .00131313  00000-0  82162-2 0  9993
2 64631  89.0392 298.6383 0030375 269.9428  89.8331 15.08426750 61490
1 64631U 24140ADV 25307.42795615  .00133970  00000-0  82639-2 0  9990
2 64631  89.0376 298.4214 0029998 262.0727  97.7107 15.08944820 61759
1 64631U 24140ADV 25308.22368420  .00154904  00000-0  94551-2 0  9995
2 64631  89.0369 298.3208 0030006 258.2198 101.5675 15.09227712 61876
1 64631U 24140ADV 25308.22368421  .00154904  00000-0  94551-2 0  9996
2 64631  89.0369 298.3208 0030006 258.2198 101.5675 15.09227712 61876
1 64631U 24140ADV 25308.22368438  .00156704  00000-0  95629-2 0  9991
2 64631  89.0373 298.3209 0030020 258.2698 101.5173 15.09226522 61874
1 64631U 24140ADV 25310.41124228  .00213729  00000-0  12669-1 0  9995
2 64631  89.0346 298.0437 0029830 247.8380 111.9694 15.10013107 62209
1 64631U 24140ADV 25310.94136690  .00128402  00000-0  76590-2 0  9996
2 64631  89.0351 297.9765 0029527 245.6077 114.2081 15.10206306 62288
1 64631U 24140ADV 25310.94136690  .00128402  00000-0  76590-2 0  9996
2 64631  89.0351 297.9765 0029527 245.6077 114.2081 15.10206306 62288
1 64631U 24140ADV 25311.93513029  .00192149  00000-0  11219-1 0  9996
2 64631  89.0345 297.8508 0029519 240.4896 119.3400 15.10676289 62437
1 64631U 24140ADV 25311.93513029  .00192149  00000-0  11219-1 0  9996
2 64631  89.0345 297.8508 0029519 240.4896 119.3400 15.10676290 62439
1 64631U 24140ADV 25314.38524837  .00208504  00000-0  11823-1 0  9991
2 64631  89.0357 297.5433 0029524 227.8328 132.0405 15.11653351 62803
1 64631U 24140ADV 25314.98098742  .00211649  00000-0  11912-1 0  9991
2 64631  89.0369 297.4668 0029690 224.8016 135.0828 15.11905095 62896
1 64631U 24140ADV 25315.70896296  .00220624  00000-0  12283-1 0  9997
2 64631  89.0370 297.3759 0029826 220.7546 139.1465 15.12249614 63007
1 64631U 24140ADV 25316.43674681  .00579430  00000-0  30594-1 0  9997
2 64631  89.0366 297.2835 0030335 217.1701 142.7441 15.12834915 63116
1 64631U 24140ADV 25318.22174280  .00234090  00000-0  12297-1 0  9996
2 64631  89.0356 297.0573 0030439 208.2642 151.6950 15.14246407 63380
1 64631U 24140ADV 25318.68430825  .00204166  00000-0  10705-1 0  9999
2 64631  89.0350 296.9982 0030841 205.9165 154.0535 15.14443738 63457
1 64631U 24140ADV 25319.67531198  .00240604  00000-0  12390-1 0  9993
2 64631  89.0351 296.8727 0031141 200.9431 159.0539 15.14905126 63609
1 64631U 24140ADV 25320.20372057  .00246622  00000-0  12597-1 0  9996
2 64631  89.0364 296.8059 0031198 198.2795 161.7329 15.15163095 63682
1 64631U 24140ADV 25320.40184752  .00303780  00000-0  15340-1 0  9999
2 64631  89.0354 296.7800 0031339 197.3188 162.6988 15.15297173 63717
1 64631U 24140ADV 25320.40184753  .00303780  00000-0  15340-1 0  9990
2 64631  89.0354 296.7800 0031339 197.3189 162.6989 15.15297173 63719
1 64631U 24140ADV 25320.66599522  .00279559  00000-0  14108-1 0  9999
2 64631  89.0345 296.7460 0031472 196.0798 163.9450 15.15431245 63752
1 64631U 24140ADV 25321.19421375  .00263278  00000-0  13204-1 0  9995
2 64631  89.0342 296.6798 0031603 193.1952 166.8468 15.15722913 63833
1 64631U 24140ADV 25321.39226902  .00282246  00000-0  14072-1 0  9996
2 64631  89.0337 296.6544 0031683 192.4327 167.6138 15.15840215 63864
1 64631U 24140ADV 25321.39226902  .00282246  00000-0  14072-1 0  9996
2 64631  89.0337 296.6544 0031683 192.4327 167.6138 15.15840215 63864
1 64631U 24140ADV 25321.92036103  .00191037  00000-0  95807-2 0  9990
2 64631  89.0342 296.5874 0031842 189.9635 170.0981 15.16050430 63941
1 64631U 24140ADV 25321.92036104  .00191037  00000-0  95807-2 0  9991
2 64631  89.0342 296.5875 0031842 189.9635 170.0981 15.16050430 63942
1 64631U 24140ADV 25322.38237530  .00240402  00000-0  11902-1 0  9992
2 64631  89.0333 296.5276 0032072 187.9867 172.0870 15.16271129 64016
1 64631U 24140ADV 25322.38237531  .00240402  00000-0  11902-1 0  9993
2 64631  89.0333 296.5276 0032072 187.9867 172.0870 15.16271130 64018
1 64631U 24140ADV 25323.17426488  .00153383  00000-0  76175-2 0  9997
2 64631  89.0342 296.4267 0032412 184.5195 175.5762 15.16550126 64138
1 64631U 24140ADV 25323.37221445  .00187673  00000-0  92549-2 0  9997
2 64631  89.0328 296.4017 0032539 183.6960 176.4049 15.16637477 64161
1 64631U 24140ADV 25324.36181765  .00216655  00000-0  10526-1 0  9994
2 64631  89.0338 296.2744 0033192 179.6880 180.4390 15.17008940 64318
1 64631U 24140ADV 25324.36181766  .00216655  00000-0  10526-1 0  9995
2 64631  89.0338 296.2744 0033192 179.6881 180.4390 15.17008940 64319
1 64631U 24140ADV 25324.88951029  .00189918  00000-0  92086-2 0  9992
2 64631  89.0343 296.2069 0033323 177.0373 183.1074 15.17196212 64396
1 64631U 24140ADV 25325.35116981  .00264712  00000-0  12616-1 0  9991
2 64631  89.0342 296.1480 0033503 175.0262 185.1322 15.17451089 64468
1 64631U 24140ADV 25326.40614225  .00236400  00000-0  11148-1 0  9994
2 64631  89.0346 296.0129 0033847 170.1695 190.0220 15.17939345 64624
1 64631U 24140ADV 25326.40614225  .00236400  00000-0  11148-1 0  9994
2 64631  89.0346 296.0130 0033847 170.1695 190.0220 15.17939345 64626
1 64631U 24140ADV 25326.93351860  .00194351  00000-0  91711-2 0  9998
2 64631  89.0352 295.9463 0033991 167.7573 192.4505 15.18102621 64708
1 64631U 24140ADV 25326.93351861  .00194351  00000-0  91711-2 0  9999
2 64631  89.0352 295.9463 0033991 167.7573 192.4505 15.18102621 64708
1 64631U 24140ADV 25327.92214984  .00211725  00000-0  98449-2 0  9993
2 64631  89.0341 295.8215 0034655 164.5929 195.6379 15.18515332 64855
1 64631U 24140ADV 25327.92214984  .00211725  00000-0  98449-2 0  9993
2 64631  89.0341 295.8215 0034655 164.5929 195.6379 15.18515332 64855
1 64631U 24140ADV 25328.38341522  .00216442  00000-0  99988-2 0  9993
2 64631  89.0335 295.7600 0034743 162.6812 197.5627 15.18717561 64926
1 64631U 24140ADV 25328.38341522  .00216442  00000-0  99988-2 0  9993
2 64631  89.0335 295.7600 0034743 162.6812 197.5627 15.18717561 64926
1 64631U 24140ADV 25328.91049760  .00252443  00000-0  11501-1 0  9996
2 64631  89.0339 295.6944 0036003 160.1603 200.1052 15.18997509 65007
1 64631U 24140ADV 25329.17400332  .00253680  00000-0  11516-1 0  9991
2 64631  89.0320 295.6592 0035818 159.2677 201.0031 15.19121947 65046
1 64631U 24140ADV 25329.37161867  .00251432  00000-0  11386-1 0  9998
2 64631  89.0325 295.6343 0035823 158.5867 201.6887 15.19216299 65077
1 64631U 24140ADV 25329.63508653  .00263667  00000-0  11877-1 0  9993
2 64631  89.0324 295.6004 0035915 157.4633 202.8200 15.19342670 65111
1 64631U 24140ADV 25329.89853053  .00237635  00000-0  10700-1 0  9998
2 64631  89.0327 295.5665 0035926 156.5608 203.7285 15.19471782 65154
1 64631U 24140ADV 25330.16195365  .00215191  00000-0  96849-2 0  9997
2 64631  89.0331 295.5329 0036031 155.7702 204.5248 15.19584226 65190
1 64631U 24140ADV 25330.16195365  .00215191  00000-0  96849-2 0  9997
2 64631  89.0331 295.5329 0036031 155.7702 204.5248 15.19584227 65191
1 64631U 24140ADV 25330.62289584  .00244563  00000-0  10897-1 0  9998
2 64631  89.0320 295.4736 0036146 154.1631 206.1429 15.19796498 65263
1 64631U 24140ADV 25330.62289585  .00244563  00000-0  10897-1 0  9999
2 64631  89.0320 295.4736 0036146 154.1631 206.1429 15.19796498 65263
1 64631U 24140ADV 25330.88626398  .00225771  00000-0  10050-1 0  9995
2 64631  89.0317 295.4397 0036214 153.2613 207.0510 15.19909785 65309
1 64631U 24140ADV 25330.88626399  .00225771  00000-0  10050-1 0  9996
2 64631  89.0317 295.4397 0036214 153.2613 207.0510 15.19909785 65309
1 64631U 24140ADV 25331.34710389  .00214231  00000-0  94868-2 0  9990
2 64631  89.0319 295.3808 0036480 151.4879 208.8373 15.20130687 65378
1 64631U 24140ADV 25332.33440381  .00258011  00000-0  11201-1 0  9995
2 64631  89.0325 295.2539 0036955 147.9498 212.4006 15.20603087 65529
1 64631U 24140ADV 25332.33440382  .00253352  00000-0  11006-1 0  9992
2 64631  89.0324 295.2539 0036968 147.9554 212.3950 15.20599903 65523
1 64631U 24140ADV 25332.33440382  .00253352  00000-0  11006-1 0  9992
2 64631  89.0324 295.2539 0036968 147.9554 212.3950 15.20599903 65523
1 64631U 24140ADV 25333.65034346  .00232576  00000-0  99509-2 0  9997
2 64631  89.0321 295.0851 0037608 143.3279 217.0552 15.21189322 65724
1 64631U 24140ADV 25334.17656088  .00257074  00000-0  10871-1 0  9992
2 64631  89.0316 295.0160 0037734 141.7395 218.6540 15.21475976 65808
1 64631U 24140ADV 25334.17656089  .00257074  00000-0  10871-1 0  9993
2 64631  89.0316 295.0160 0037734 141.7395 218.6540 15.21475976 65808
1 64631U 24140ADV 25335.16294103  .00288631  00000-0  11949-1 0  9998
2 64631  89.0297 294.8884 0038168 138.2892 222.1276 15.22048119 65959
1 64631U 24140ADV 25335.36017020  .00306533  00000-0  12608-1 0  9996
2 64631  89.0295 294.8629 0038661 137.9657 222.4568 15.22172381 65986
1 64631U 24140ADV 25335.36017020  .00306533  00000-0  12608-1 0  9996
2 64631  89.0295 294.8629 0038661 137.9657 222.4568 15.22172381 65986
1 64631U 24140ADV 25335.88605448  .00285435  00000-0  11669-1 0  9993
2 64631  89.0293 294.7952 0038794 136.1289 224.3050 15.22464288 66068
1 64631U 24140ADV 25335.88605448  .00285435  00000-0  11669-1 0  9993
2 64631  89.0293 294.7952 0038794 136.1289 224.3050 15.22464288 66068
1 64631U 24140ADV 25336.34610525  .00310773  00000-0  12539-1 0  9998
2 64631  89.0295 294.7364 0039389 134.6560 225.7910 15.22780185 66138
1 64631U 24140ADV 25336.60895481  .00315257  00000-0  12653-1 0  9992
2 64631  89.0284 294.7019 0039630 133.8740 226.5792 15.22930025 66174
1 64631U 24140ADV 25336.60895482  .00315257  00000-0  12653-1 0  9993
2 64631  89.0284 294.7019 0039630 133.8740 226.5792 15.22930025 66174
1 64631U 24140ADV 25337.13456782  .00373276  00000-0  14713-1 0  9992
2 64631  89.0295 294.6335 0039811 132.5318 227.9303 15.23284451 66252
1 64631U 24140ADV 25337.33163689  .00377785  00000-0  14810-1 0  9992
2 64631  89.0295 294.6082 0039986 131.8910 228.5760 15.23442491 66281
1 64631U 24140ADV 25337.33163689  .00377785  00000-0  14810-1 0  9992
2 64631  89.0295 294.6082 0039986 131.8910 228.5760 15.23442491 66281
1 64631U 24140ADV 25337.85705699  .00497490  00000-0  18945-1 0  9991
2 64631  89.0295 294.5399 0040106 130.4521 230.0235 15.23898768 66366
1 64631U 24140ADV 25337.85705700  .00497490  00000-0  18945-1 0  9994
2 64631  89.0295 294.5399 0040106 130.4521 230.0235 15.23898768 66366
1 64631U 24140ADV 25338.31665096  .00628893  00000-0  23462-1 0  9992
2 64631  89.0292 294.4802 0040241 129.2119 231.2713 15.24424091 66437
1 64631U 24140ADV 25338.31665097  .00628893  00000-0  23462-1 0  9993
2 64631  89.0292 294.4802 0040241 129.2119 231.2713 15.24424091 66437
1 64631U 24140ADV 25339.89145247  .00345213  00000-0  12706-1 0  9998
2 64631  89.0303 294.2751 0040807 125.0135 235.4955 15.25656737 66676
1 64631U 24140ADV 25340.15379349  .00441918  00000-0  15936-1 0  9998
2 64631  89.0296 294.2405 0041322 123.9633 236.5554 15.25910193 66717
1 64631U 24140ADV 25340.61276895  .00479963  00000-0  16988-1 0  9990
2 64631  89.0270 294.1809 0040746 122.5801 237.9393 15.26389723 66780
1 64631U 24140ADV 25340.87498806  .00478996  00000-0  16836-1 0  9993
2 64631  89.0293 294.1470 0040813 121.6877 238.8362 15.26621785 66825
1 64631U 24140ADV 25341.33376158  .00540762  00000-0  18571-1 0  9999
2 64631  89.0293 294.0873 0040950 120.5480 239.9821 15.27125180 66899
1 64631U 24140ADV 25342.31649002  .00365014  00000-0  12550-1 0  9995
2 64631  89.0276 293.9580 0041791 118.5456 242.0010 15.27784187 67048
1 64631U 24140ADV 25342.84043437  .00365792  00000-0  12429-1 0  9991
2 64631  89.0268 293.8891 0042387 116.8326 243.7268 15.28143318 67120
1 64631U 24140ADV 25342.84043438  .00365792  00000-0  12429-1 0  9992
2 64631  89.0268 293.8891 0042387 116.8326 243.7268 15.28143318 67120
1 64631U 24140ADV 25343.82247120  .00402422  00000-0  13299-1 0  9993
2 64631  89.0250 293.7606 0042540 114.1658 246.4048 15.28893130 67270
1 64631U 24140ADV 25344.28056427  .00513094  00000-0  16480-1 0  9995
2 64631  89.0228 293.6993 0042531 113.3324 247.2411 15.29369583 67346
1 64631U 24140ADV 25344.34599405  .00587661  00000-0  18637-1 0  9997
2 64631  89.0254 293.6914 0042702 113.3585 247.2167 15.29470460 67353
1 64631U 24140ADV 25344.60767814  .00607243  00000-0  19027-1 0  9990
2 64631  89.0258 293.6582 0042753 112.8296 247.7479 15.29780409 67399
1 64631U 24140ADV 25344.60767814  .00607243  00000-0  19027-1 0  9990
2 64631  89.0258 293.6582 0042753 112.8296 247.7479 15.29780409 67399
1 64631U 24140ADV 25345.58849948  .00624917  00000-0  18781-1 0  9990
2 64631  89.0274 293.5311 0042878 109.7915 250.7967 15.31050990 67548
1 64631U 24140ADV 25346.30731477  .00551422  00000-0  16383-1 0  9994
2 64631  89.0237 293.4353 0042440 108.3041 252.2835 15.31728763 67655
1 64631U 24140ADV 25347.35224664  .00678108  00000-0  19349-1 0  9991
2 64631  89.0227 293.2973 0042447 105.4435 255.1512 15.32918525 67812
1 64631U 24140ADV 25348.33128667  .00443156  00000-0  12581-1 0  9990
2 64631  89.0245 293.1672 0042874 102.2189 258.3870 15.33584744 67963
1 64631U 24140ADV 25348.85327271  .00240112  00000-0  69418-2 0  9998
2 64631  89.0241 293.0988 0042526 101.6046 258.9985 15.33810479 68047
1 64631U 24140ADV 25349.11423099  .00250445  00000-0  71972-2 0  9991
2 64631  89.0246 293.0639 0042691 100.7631 259.8432 15.33952647 68083
1 64631U 24140ADV 25349.57084973  .00247010  00000-0  70477-2 0  9998
2 64631  89.0244 293.0039 0042570  99.4954 261.1115 15.34196124 68156
1 64631U 24140ADV 25350.28822791  .00321250  00000-0  89451-2 0  9997
2 64631  89.0250 292.9092 0042581  97.4268 263.1827 15.34675373 68260
1 64631U 24140ADV 25350.80979790  .00366339  00000-0  10012-1 0  9990
2 64631  89.0236 292.8397 0042234  96.0643 264.5425 15.35100011 68349
1 64631U 24140ADV 25351.26605240  .00400130  00000-0  10753-1 0  9997
2 64631  89.0234 292.7792 0042322  94.7964 265.8124 15.35492277 68410
1 64631U 24140ADV 25351.59188201  .00421239  00000-0  11199-1 0  9994
2 64631  89.0244 292.7358 0042173  94.1645 266.4430 15.35752358 68464
1 64631U 24140ADV 25352.11310343  .00386750  00000-0  10204-1 0  9991
2 64631  89.0234 292.6664 0042002  92.9255 267.6807 15.36129089 68546
1 64631U 24140ADV 25352.56906095  .00385336  00000-0  10059-1 0  9992
2 64631  89.0240 292.6061 0041664  91.8366 268.7661 15.36476755 68611
1 64631U 24140ADV 25352.82956765  .00380611  00000-0  98843-2 0  9999
2 64631  89.0239 292.5713 0041701  91.1078 269.4954 15.36653688 68656
1 64631U 24140ADV 25353.80620324  .00326604  00000-0  83630-2 0  9997
2 64631  89.0259 292.4413 0041700  88.4265 272.1766 15.37291652 68809
1 64631U 24140ADV 25353.80620325  .00326604  00000-0  83630-2 0  9998
2 64631  89.0259 292.4413 0041700  88.4265 272.1766 15.37291652 68809
1 64631U 24140ADV 25354.84751697  .00316524  00000-0  79529-2 0  9992
2 64631  89.0243 292.3020 0041372  85.9015 274.6968 15.37923645 68967
1 64631U 24140ADV 25354.84751697  .00316524  00000-0  79529-2 0  9992
2 64631  89.0243 292.3020 0041372  85.9015 274.6968 15.37923645 68967
1 64631U 24140ADV 25355.82331156  .00480611  00000-0  11535-1 0  9996
2 64631  89.0266 292.1724 0041136  83.6009 276.9929 15.38724234 69111
1 64631U 24140ADV 25356.08341907  .00548768  00000-0  12933-1 0  9991
2 64631  89.0230 292.1353 0040822  82.8795 277.7100 15.39037856 69156
1 64631U 24140ADV 25356.08341908  .00548768  00000-0  12933-1 0  9992
2 64631  89.0230 292.1353 0040822  82.8795 277.7100 15.39037856 69156
1 64631U 24140ADV 25356.27846072  .00622545  00000-0  14414-1 0  9997
2 64631  89.0241 292.1101 0040600  82.5624 278.0242 15.39313479 69183
1 64631U 24140ADV 25357.31817294  .00637226  00000-0  14129-1 0  9992
2 64631  89.0250 291.9728 0039596  80.5621 280.0108 15.40609749 69344
1 64631U 24140ADV 25357.31817295  .00637226  00000-0  14129-1 0  9993
2 64631  89.0250 291.9728 0039596  80.5621 280.0108 15.40609749 69344
1 64631U 24140ADV 25358.81134191  .00659451  00000-0  13785-1 0  9997
2 64631  89.0242 291.7751 0038388  77.6240 282.9310 15.42344944 69577
1 64631U 24140ADV 25358.81134192  .00659451  00000-0  13785-1 0  9998
2 64631  89.0242 291.7751 0038388  77.6240 282.9310 15.42344944 69577
1 64631U 24140ADV 25359.26542884  .00697864  00000-0  14236-1 0  9991
2 64631  89.0218 291.7135 0038204  76.9282 283.6236 15.42940518 69643
1 64631U 24140ADV 25359.33028346  .00704866  00000-0  14505-1 0  9991
2 64631  89.0230 291.7036 0038173  76.6461 283.9048 15.43039404 69657
1 64631U 24140ADV 25359.33028347  .00704866  00000-0  14505-1 0  9992
2 64631  89.0230 291.7036 0038173  76.6461 283.9048 15.43039404 69657
1 64631U 24140ADV 25360.23789496  .00657613  00000-0  12950-1 0  9991
2 64631  89.0215 291.5822 0037309  75.4391 285.1001 15.44163732 69791
1 64631U 24140ADV 25360.56186500  .00693640  00000-0  13380-1 0  9992
2 64631  89.0232 291.5365 0037154  75.0022 285.5345 15.44651368 69845
1 64631U 24140ADV 25360.56186500  .00693640  00000-0  13380-1 0  9992
2 64631  89.0232 291.5365 0037154  75.0022 285.5345 15.44651368 69845
1 64631U 24140ADV 25361.08000657  .00957833  00000-0  17931-1 0  9991
2 64631  89.0220 291.4676 0037336  74.1304 286.4066 15.45528584 69924
1 64631U 24140ADV 25361.27424169  .00733014  00000-0  13735-1 0  9991
2 64631  89.0219 291.4415 0037295  73.8139 286.7219 15.45745759 69950
1 64631U 24140ADV 25361.27424170  .00733014  00000-0  13735-1 0  9993
2 64631  89.0219 291.4415 0037295  73.8139 286.7219 15.45745759 69950
1 64631U 24140ADV 25361.79201294  .00919273  00000-0  16429-1 0  9996
2 64631  89.0198 291.3722 0036351  72.8374 287.6860 15.46602442 70033
1 64631U 24140ADV 25361.79201294  .00919273  00000-0  16429-1 0  9996
2 64631  89.0198 291.3722 0036351  72.8374 287.6860 15.46602442 70033
1 64631U 24140ADV 25362.30949716  .01065734  00000-0  18490-1 0  9997
2 64631  89.0203 291.3023 0035532  72.5053 288.0085 15.47530979 70114
1 64631U 24140ADV 25362.30949717  .01065734  00000-0  18490-1 0  9998
2 64631  89.0203 291.3023 0035532  72.5053 288.0085 15.47530979 70114
1 64631U 24140ADV 25362.82666958  .00940089  00000-0  15999-1 0  9993
2 64631  89.0200 291.2320 0034880  72.5700 287.9370 15.48421269 70199
1 64631U 24140ADV 25362.82666959  .00940089  00000-0  15999-1 0  9994
2 64631  89.0200 291.2320 0034880  72.5700 287.9370 15.48421269 70199