1 48714U 02032AX  25001.76907899  .00099789  00000-0  17721-1 0  9995
2 48714  98.4595 304.8996 0013477  72.8319 287.4358 14.66528844198628
1 48714U 02032AX  25001.76907899  .00099789  00000-0  17721-1 0  9995
2 48714  98.4595 304.8996 0013477  72.8319 287.4358 14.66528844199191
1 48714U 02032AX  25004.08851944  .00041060  00000-0  73051-2 0  9990
2 48714  98.4568 307.2877 0012961  67.3841 292.8732 14.66876529199532
1 48714U 02032AX  25004.29315409  .00052216  00000-0  92641-2 0  9995
2 48714  98.4575 307.5002 0013718  68.6505 291.6161 14.66907252198995
1 48714U 02032AX  25004.29315409  .00052216  00000-0  92641-2 0  9995
2 48714  98.4575 307.5002 0013718  68.6505 291.6161 14.66907252199569
1 48714U 02032AX  25005.79367338  .00048920  00000-0  86418-2 0  9991
2 48714  98.4558 309.0472 0013930  65.9362 294.3297 14.67123094199212
1 48714U 02032AX  25005.79367338  .00048920  00000-0  86418-2 0  9991
2 48714  98.4558 309.0472 0013930  65.9362 294.3297 14.67123094199784
1 48714U 02032AX  25006.27106727  .00055640  00000-0  98044-2 0  9993
2 48714  98.4586 309.5411 0013396  64.9198 295.3394 14.67188589199289
1 48714U 02032AX  25006.27106727  .00055640  00000-0  98044-2 0  9993
2 48714  98.4586 309.5411 0013396  64.9198 295.3394 14.67188589199852
1 48714U 02032AX  25007.29400109  .00044240  00000-0  77929-2 0  9990
2 48714  98.4579 310.5965 0013496  62.6435 297.6141 14.67289481199432
1 48714U 02032AX  25007.29400109  .00044240  00000-0  77929-2 0  9990
2 48714  98.4579 310.5965 0013496  62.6435 297.6141 14.67289481200008
1 48714U 02032AX  25007.77134775  .00047704  00000-0  83883-2 0  9990
2 48714  98.4578 311.0890 0013850  61.9568 298.3034 14.67338001199507
1 48714U 02032AX  25009.27149167  .00036309  00000-0  63807-2 0  9991
2 48714  98.4561 312.6357 0014223  58.9150 301.3447 14.67452208199725
1 48714U 02032AX  25009.27149167  .00036309  00000-0  63807-2 0  9991
2 48714  98.4561 312.6357 0014223  58.9150 301.3447 14.67452208200290
1 48714U 02032AX  25010.77151025  .00039507  00000-0  69193-2 0  9991
2 48714  98.4559 314.1830 0013603  55.6986 304.5503 14.67581613199942
1 48714U 02032AX  25010.77151025  .00039507  00000-0  69193-2 0  9991
2 48714  98.4559 314.1830 0013603  55.6986 304.5503 14.67581613200518
1 48714U 02032AX  25011.79417603  .00032243  00000-0  56453-2 0  9996
2 48714  98.4569 315.2389 0013478  53.0107 307.2328 14.67658426200092
1 48714U 02032AX  25012.27140087  .00033588  00000-0  58738-2 0  9990
2 48714  98.4575 315.7316 0013629  53.0298 307.2151 14.67697718200162
1 48714U 02032AX  25013.08947561  .00033739  00000-0  58924-2 0  9997
2 48714  98.4579 316.5766 0013628  50.9965 309.2450 14.67755599200289
1 48714U 02032AX  25013.08947561  .00033739  00000-0  58924-2 0  9997
2 48714  98.4579 316.5766 0013628  50.9965 309.2450 14.67755599200852
1 48714U 02032AX  25013.77117809  .00033237  00000-0  57985-2 0  9996
2 48714  98.4578 317.2798 0013763  49.9023 310.3385 14.67806882200387
1 48714U 02032AX  25014.79368246  .00036103  00000-0  62830-2 0  9992
2 48714  98.4577 318.3362 0013614  47.4475 312.7876 14.67893029200531
1 48714U 02032AX  25015.27083101  .00041383  00000-0  71877-2 0  9997
2 48714  98.4579 318.8291 0013529  46.2523 313.9798 14.67937495200605
1 48714U 02032AX  25015.27083101  .00041383  00000-0  71877-2 0  9997
2 48714  98.4579 318.8291 0013529  46.2523 313.9798 14.67937495201178
1 48714U 02032AX  25016.29324539  .00036659  00000-0  63601-2 0  9999
2 48714  98.4571 319.8849 0013462  43.9799 316.2474 14.68025652200759
1 48714U 02032AX  25016.77035004  .00041115  00000-0  71200-2 0  9995
2 48714  98.4575 320.3785 0013437  42.8116 317.4131 14.68071407200822
1 48714U 02032AX  25016.77035004  .00041115  00000-0  71200-2 0  9995
2 48714  98.4575 320.3785 0013437  42.8116 317.4131 14.68071407201395
1 48714U 02032AX  25017.79266652  .00051845  00000-0  89399-2 0  9992
2 48714  98.4575 321.4347 0013375  40.9131 319.3074 14.68178993200976
1 48714U 02032AX  25017.79266652  .00051845  00000-0  89399-2 0  9992
2 48714  98.4575 321.4347 0013375  40.9131 319.3074 14.68178993201540
1 48714U 02032AX  25018.33786921  .00057737  00000-0  99314-2 0  9993
2 48714  98.4566 321.9981 0013249  39.5218 320.6949 14.68245935201052
1 48714U 02032AX  25018.33786921  .00057737  00000-0  99314-2 0  9993
2 48714  98.4566 321.9981 0013249  39.5218 320.6949 14.68245935201625
1 48714U 02032AX  25019.56449712  .00060308  00000-0  10339-1 0  9990
2 48714  98.4561 323.2656 0013045  37.3267 322.8841 14.68377138201231
1 48714U 02032AX  25019.56449712  .00060308  00000-0  10339-1 0  9990
2 48714  98.4561 323.2656 0013045  37.3267 322.8841 14.68377138201804
1 48714U 02032AX  25020.79100285  .00058793  00000-0  10046-1 0  9996
2 48714  98.4557 324.5328 0012973  35.9547 324.2527 14.68534594201418
1 48714U 02032AX  25020.79100285  .00058793  00000-0  10046-1 0  9996
2 48714  98.4557 324.5328 0012973  35.9547 324.2527 14.68534594201980
1 48714U 02032AX  25022.63051164  .00064768  00000-0  10997-1 0  9996
2 48714  98.4474 326.4408 0013179  37.5662 322.6460 14.68770489201683
1 48714U 02032AX  25022.63051164  .00064768  00000-0  10997-1 0  9996
2 48714  98.4474 326.4408 0013179  37.5662 322.6460 14.68770489202257
1 48714U 02032AX  25025.28705262  .00059506  00000-0  10034-1 0  9991
2 48714  98.4545 329.1829 0012963  30.8375 329.3588 14.69115484202074
1 48714U 02032AX  25025.28705262  .00059506  00000-0  10034-1 0  9991
2 48714  98.4545 329.1829 0012963  30.8375 329.3588 14.69115484202647
1 48714U 02032AX  25025.28705262  .00059506  00000-0  10034-1 0  9991
2 48714  98.4545 329.1829 0012963  30.8375 329.3588 14.69115484202647
1 48714U 02032AX  25029.30486039  .00065435  00000-0  10909-1 0  9995
2 48714  98.4550 333.3407 0012574  25.8406 334.3424 14.69577924203231
1 48714U 02032AX  25029.57719864  .00050312  00000-0  84057-2 0  9993
2 48714  98.4572 333.6230 0011003  21.2315 338.9344 14.69605574202702
1 48714U 02032AX  25029.57719864  .00050312  00000-0  84057-2 0  9993
2 48714  98.4572 333.6230 0011003  21.2315 338.9344 14.69605574203275
1 48714U 02032AX  25031.27922662  .00056963  00000-0  94656-2 0  9999
2 48714  98.4578 335.3875 0010483  15.6122 344.5404 14.69798033202956
1 48714U 02032AX  25031.27922662  .00056963  00000-0  94656-2 0  9999
2 48714  98.4578 335.3875 0010483  15.6122 344.5404 14.69798033203520
1 48714U 02032AX  25032.30034300  .00068185  00000-0  11280-1 0  9997
2 48714  98.4588 336.4441 0010253  14.3745 345.7750 14.69915043203107
1 48714U 02032AX  25032.77683387  .00069093  00000-0  11411-1 0  9998
2 48714  98.4573 336.9381 0010182  14.4022 345.7471 14.69983146203175
1 48714U 02032AX  25032.77683387  .00069093  00000-0  11411-1 0  9998
2 48714  98.4573 336.9381 0010182  14.4022 345.7471 14.69983146203748
1 48714U 02032AX  25034.27423404  .00055869  00000-0  92058-2 0  9990
2 48714  98.4574 338.4898 0009808  10.5619 349.5790 14.70181791203396
1 48714U 02032AX  25034.27423404  .00055869  00000-0  92058-2 0  9990
2 48714  98.4574 338.4898 0009808  10.5619 349.5790 14.70181791203969
1 48714U 02032AX  25035.56729654  .00060786  00000-0  99757-2 0  9996
2 48714  98.4559 339.8292 0009514   9.4625 350.6758 14.70325335203582
1 48714U 02032AX  25036.79218865  .00057081  00000-0  93464-2 0  9992
2 48714  98.4572 341.0999 0009007   4.9715 355.1578 14.70454656203762
1 48714U 02032AX  25036.79218865  .00057081  00000-0  93464-2 0  9992
2 48714  98.4572 341.0999 0009007   4.9715 355.1578 14.70454656204336
1 48714U 02032AX  25038.28913390  .00049708  00000-0  81207-2 0  9992
2 48714  98.4548 342.6517 0008692   1.0395 359.0826 14.70610324203988
1 48714U 02032AX  25038.28913390  .00049708  00000-0  81207-2 0  9992
2 48714  98.4548 342.6517 0008692   1.0395 359.0826 14.70610324204552
1 48714U 02032AX  25039.10558840  .00048931  00000-0  79819-2 0  9992
2 48714  98.4558 343.4973 0008626   2.0469 358.0770 14.70681980204674
1 48714U 02032AX  25039.58183516  .00056745  00000-0  92357-2 0  9992
2 48714  98.4559 343.9922 0008354   0.6082 359.5132 14.70724682204177
1 48714U 02032AX  25039.58183516  .00056745  00000-0  92357-2 0  9992
2 48714  98.4559 343.9922 0008354   0.6082 359.5132 14.70724682204740
1 48714U 02032AX  25042.57502100  .00049347  00000-0  79852-2 0  9994
2 48714  98.4576 347.0976 0007627 352.6099   7.4993 14.71036734204618
1 48714U 02032AX  25042.77907934  .00045875  00000-0  74243-2 0  9991
2 48714  98.4571 347.3095 0007469 353.5074   6.6034 14.71058391204648
1 48714U 02032AX  25042.77907934  .00045875  00000-0  74243-2 0  9991
2 48714  98.4571 347.3095 0007469 353.5074   6.6034 14.71058391205212
1 48714U 02032AX  25043.79933090  .00044545  00000-0  71962-2 0  9994
2 48714  98.4583 348.3686 0007238 350.5715   9.5353 14.71148324204799
1 48714U 02032AX  25043.79933090  .00044545  00000-0  71962-2 0  9994
2 48714  98.4583 348.3686 0007238 350.5715   9.5353 14.71148324205363
1 48714U 02032AX  25045.29558245  .00057047  00000-0  91655-2 0  9998
2 48714  98.4575 349.9217 0006919 349.1128  10.9926 14.71295741205580
1 48714U 02032AX  25046.58766304  .00061335  00000-0  98131-2 0  9999
2 48714  98.4583 351.2650 0006531 347.9192  12.1856 14.71450847205208
1 48714U 02032AX  25046.58766304  .00061335  00000-0  98131-2 0  9999
2 48714  98.4583 351.2650 0006531 347.9192  12.1856 14.71450847205770
1 48714U 02032AX  25047.81160515  .00052001  00000-0  83035-2 0  9995
2 48714  98.4588 352.5352 0005941 341.8274  18.2718 14.71606286205387
1 48714U 02032AX  25048.08357496  .00062215  00000-0  99105-2 0  9994
2 48714  98.4561 352.8170 0005758 337.7054  22.3900 14.71638495205998
1 48714U 02032AX  25048.28754768  .00067749  00000-0  10774-1 0  9990
2 48714  98.4571 353.0298 0005746 338.6908  21.4058 14.71672068205457
1 48714U 02032AX  25048.28754768  .00067749  00000-0  10774-1 0  9990
2 48714  98.4571 353.0298 0005746 338.6908  21.4058 14.71672068206021
1 48714U 02032AX  25052.29825404  .00053887  00000-0  84889-2 0  9999
2 48714  98.4570 357.1979 0004515 319.8595  40.2277 14.72188082206613
1 48714U 02032AX  25052.57011858  .00048624  00000-0  76616-2 0  9992
2 48714  98.4588 357.4817 0004101 323.8016  36.2912 14.72218300206089
1 48714U 02032AX  25053.79341907  .00049476  00000-0  77665-2 0  9999
2 48714  98.4523 358.7495 0004059 316.5765  43.5121 14.72376542206262
1 48714U 02032AX  25053.79341907  .00049476  00000-0  77665-2 0  9999
2 48714  98.4523 358.7495 0004059 316.5765  43.5121 14.72376542206835
1 48714U 02032AX  25058.61718263  .00093213  00000-0  14274-1 0  9992
2 48714  98.4610   3.7724 0002842 276.6690  83.4193 14.73149435207546
1 48714U 02032AX  25059.29638551  .00090212  00000-0  13785-1 0  9990
2 48714  98.4548   4.4770 0001408 283.4912  76.6138 14.73263643207074
1 48714U 02032AX  25059.29638551  .00090212  00000-0  13785-1 0  9990
2 48714  98.4548   4.4770 0001408 283.4912  76.6138 14.73263643207647
1 48714U 02032AX  25060.31509127  .00062387  00000-0  95446-2 0  9998
2 48714  98.4547   5.5401 0001526 260.4706  99.6328 14.73404403207227
1 48714U 02032AX  25060.31509127  .00062387  00000-0  95446-2 0  9998
2 48714  98.4547   5.5401 0001526 260.4706  99.6328 14.73404403207799
1 48714U 02032AX  25060.79045074  .00066774  00000-0  10192-1 0  9994
2 48714  98.4582   6.0347 0002189 248.2268 111.8706 14.73473615207299
1 48714U 02032AX  25060.79045074  .00066774  00000-0  10192-1 0  9994
2 48714  98.4582   6.0347 0002189 248.2268 111.8706 14.73473615207862
1 48714U 02032AX  25061.80902659  .00045068  00000-0  68884-2 0  9993
2 48714  98.4580   7.0972 0002107 235.2077 124.8931 14.73572554207449
1 48714U 02032AX  25061.80902659  .00045068  00000-0  68884-2 0  9993
2 48714  98.4580   7.0972 0002107 235.2077 124.8931 14.73572554208013
1 48714U 02032AX  25063.30282106  .00046250  00000-0  70458-2 0  9992
2 48714  98.4556   8.6540 0002512 226.8054 133.2944 14.73705215207665
1 48714U 02032AX  25064.79647051  .00053639  00000-0  81309-2 0  9996
2 48714  98.4548  10.2102 0002659 210.5263 149.5789 14.73866326207885
1 48714U 02032AX  25064.79647051  .00053639  00000-0  81309-2 0  9996
2 48714  98.4548  10.2102 0002659 210.5263 149.5789 14.73866326208459
1 48714U 02032AX  25065.06802500  .00048455  00000-0  73475-2 0  9994
2 48714  98.4553  10.4937 0002557 205.5415 154.5666 14.73890328207923
1 48714U 02032AX  25065.06802500  .00048455  00000-0  73475-2 0  9994
2 48714  98.4553  10.4937 0002557 205.5415 154.5666 14.73890328208496
1 48714U 02032AX  25066.28996328  .00043352  00000-0  65623-2 0  9998
2 48714  98.4568  11.7676 0002785 197.1591 162.9523 14.74004077208674
1 48714U 02032AX  25067.10453650  .00044861  00000-0  67769-2 0  9995
2 48714  98.4559  12.6161 0002988 193.8582 166.2543 14.74079947208229
1 48714U 02032AX  25067.78331328  .00056531  00000-0  85075-2 0  9993
2 48714  98.4562  13.3241 0003155 188.7842 171.3310 14.74157392208320
1 48714U 02032AX  25067.78331328  .00056531  00000-0  85075-2 0  9993
2 48714  98.4562  13.3241 0003155 188.7842 171.3310 14.74157392208892
1 48714U 02032AX  25068.80140419  .00068491  00000-0  10253-1 0  9999
2 48714  98.4562  14.3847 0003492 182.3146 177.8045 14.74300871209042
1 48714U 02032AX  25069.07287891  .00059969  00000-0  89840-2 0  9994
2 48714  98.4561  14.6685 0003485 180.6105 179.5098 14.74328325208514
1 48714U 02032AX  25069.07287891  .00059969  00000-0  89840-2 0  9994
2 48714  98.4561  14.6685 0003485 180.6105 179.5098 14.74328325209087
1 48714U 02032AX  25070.29445334  .00044867  00000-0  67203-2 0  9998
2 48714  98.4577  15.9445 0003810 174.6375 185.4874 14.74447048208694
1 48714U 02032AX  25070.29445334  .00044867  00000-0  67203-2 0  9998
2 48714  98.4577  15.9445 0003810 174.6375 185.4874 14.74447048209268
1 48714U 02032AX  25071.31234833  .00067155  00000-0  99912-2 0  9999
2 48714  98.4572  17.0055 0004255 167.2046 192.9270 14.74575169209416
1 48714U 02032AX  25071.58376987  .00066152  00000-0  98346-2 0  9991
2 48714  98.4577  17.2890 0004449 169.5806 190.5494 14.74613884208883
1 48714U 02032AX  25071.78733165  .00064603  00000-0  96002-2 0  9994
2 48714  98.4588  17.5015 0004441 172.2552 187.8725 14.74643325208911
1 48714U 02032AX  25072.80506196  .00069324  00000-0  10248-1 0  9992
2 48714  98.4572  18.5629 0004880 164.2201 195.9159 14.74835188209063
1 48714U 02032AX  25072.80506196  .00069324  00000-0  10248-1 0  9992
2 48714  98.4572  18.5629 0004880 164.2201 195.9159 14.74835188209636
1 48714U 02032AX  25073.27996251  .00082624  00000-0  12166-1 0  9998
2 48714  98.4563  19.0597 0004994 163.0077 197.1299 14.74914123209131
1 48714U 02032AX  25073.82267422  .00078217  00000-0  11502-1 0  9996
2 48714  98.4540  19.6228 0005291 160.9625 199.1781 14.74999980209210
1 48714U 02032AX  25074.36535193  .00082808  00000-0  12141-1 0  9990
2 48714  98.4576  20.1945 0005442 160.6261 199.5154 14.75096041209296
1 48714U 02032AX  25075.11147687  .00082771  00000-0  12098-1 0  9991
2 48714  98.4578  20.9740 0005803 158.8973 201.2475 14.75228926209408
1 48714U 02032AX  25075.11147687  .00082771  00000-0  12098-1 0  9991
2 48714  98.4578  20.9740 0005803 158.8973 201.2475 14.75228926209970
1 48714U 02032AX  25075.78972005  .00071996  00000-0  10516-1 0  9994
2 48714  98.4575  21.6839 0006220 152.3033 207.8507 14.75329641209507
1 48714U 02032AX  25075.78972005  .00071996  00000-0  10516-1 0  9994
2 48714  98.4575  21.6839 0006220 152.3033 207.8507 14.75329641210071
1 48714U 02032AX  25076.60353361  .00083312  00000-0  12101-1 0  9991
2 48714  98.4576  22.5331 0006444 154.5460 205.6067 14.75492832209624
1 48714U 02032AX  25076.80697425  .00078641  00000-0  11421-1 0  9998
2 48714  98.4578  22.7460 0006483 154.7146 205.4380 14.75529863209651
1 48714U 02032AX  25076.80697425  .00078641  00000-0  11421-1 0  9998
2 48714  98.4578  22.7460 0006483 154.7146 205.4380 14.75529863210226
1 48714U 02032AX  25077.28164412  .00098921  00000-0  14284-1 0  9999
2 48714  98.4544  23.2410 0006657 153.8974 206.2571 14.75640345209725
1 48714U 02032AX  25077.28164412  .00098921  00000-0  14284-1 0  9999
2 48714  98.4544  23.2410 0006657 153.8974 206.2571 14.75640345210299
1 48714U 02032AX  25078.29868971  .00088640  00000-0  12759-1 0  9994
2 48714  98.4570  24.3059 0007069 151.6572 208.5021 14.75843076209870
1 48714U 02032AX  25078.29868971  .00088640  00000-0  12759-1 0  9994
2 48714  98.4570  24.3059 0007069 151.6572 208.5021 14.75843076210445
1 48714U 02032AX  25079.79007526  .00084312  00000-0  12051-1 0  9998
2 48714  98.4581  25.8658 0007919 147.5642 212.6055 14.76169606210662
1 48714U 02032AX  25080.80676510  .00078438  00000-0  11175-1 0  9995
2 48714  98.4565  26.9307 0008518 145.6052 214.5709 14.76345691210248
1 48714U 02032AX  25081.28116320  .00154293  00000-0  21647-1 0  9995
2 48714  98.4549  27.4248 0008405 146.6376 213.5364 14.76507622210313
1 48714U 02032AX  25081.28116320  .00154293  00000-0  21647-1 0  9995
2 48714  98.4549  27.4248 0008405 146.6376 213.5364 14.76507622210885
1 48714U 02032AX  25082.56861401  .00093181  00000-0  13101-1 0  9998
2 48714  98.4542  28.7728 0009100 144.3256 215.8562 14.76810740210502
1 48714U 02032AX  25082.56861401  .00093181  00000-0  13101-1 0  9998
2 48714  98.4542  28.7728 0009100 144.3256 215.8562 14.76810740211075
1 48714U 02032AX  25083.31387552  .00089820  00000-0  12596-1 0  9994
2 48714  98.4541  29.5529 0009328 142.6250 217.5609 14.76941418210616
1 48714U 02032AX  25083.31387552  .00089820  00000-0  12596-1 0  9994
2 48714  98.4541  29.5529 0009328 142.6250 217.5609 14.76941418211189
1 48714U 02032AX  25084.80416991  .00090924  00000-0  12658-1 0  9995
2 48714  98.4575  31.1151 0009910 140.1729 220.0209 14.77242558210833
1 48714U 02032AX  25084.80416991  .00090924  00000-0  12658-1 0  9995
2 48714  98.4575  31.1151 0009910 140.1729 220.0209 14.77242558211407
1 48714U 02032AX  25085.34602125  .00111248  00000-0  15394-1 0  9994
2 48714  98.4600  31.6837 0010282 137.6666 222.5338 14.77365810210919
1 48714U 02032AX  25085.34602125  .00111248  00000-0  15394-1 0  9994
2 48714  98.4600  31.6837 0010282 137.6666 222.5338 14.77365810211482
1 48714U 02032AX  25085.82010968  .00088232  00000-0  12230-1 0  9997
2 48714  98.4582  32.1797 0010343 137.6310 222.5699 14.77443150210984
1 48714U 02032AX  25085.82010968  .00088232  00000-0  12230-1 0  9997
2 48714  98.4582  32.1797 0010343 137.6310 222.5699 14.77443150211558
1 48714U 02032AX  25086.29416343  .00113648  00000-0  15646-1 0  9990
2 48714  98.4604  32.6784 0010753 135.3440 224.8636 14.77565102211051
1 48714U 02032AX  25086.29416343  .00113648  00000-0  15646-1 0  9990
2 48714  98.4604  32.6784 0010753 135.3440 224.8636 14.77565102211624
1 48714U 02032AX  25087.30989635  .00071366  00000-0  98504-2 0  9997
2 48714  98.4568  33.7398 0011050 133.0526 227.1610 14.77730847211209
1 48714U 02032AX  25087.30989635  .00071366  00000-0  98504-2 0  9997
2 48714  98.4568  33.7398 0011050 133.0526 227.1610 14.77730847211771
1 48714U 02032AX  25088.79944290  .00057920  00000-0  79703-2 0  9999
2 48714  98.4592  35.3044 0011379 131.5216 228.6971 14.77948964211426
1 48714U 02032AX  25088.79944290  .00057920  00000-0  79703-2 0  9999
2 48714  98.4592  35.3044 0011379 131.5216 228.6971 14.77948964211998
1 48714U 02032AX  25091.10107527  .00068747  00000-0  93765-2 0  9995
2 48714  98.4566  37.7211 0011839 127.5407 232.6880 14.78249361212338
1 48714U 02032AX  25091.30413733  .00064329  00000-0  87737-2 0  9990
2 48714  98.4555  37.9344 0011970 126.7668 233.4642 14.78279436211791
1 48714U 02032AX  25092.11635203  .00066705  00000-0  90733-2 0  9998
2 48714  98.4597  38.7866 0012226 125.0519 235.1839 14.78375547212481
1 48714U 02032AX  25092.59011307  .00088561  00000-0  11980-1 0  9993
2 48714  98.4582  39.2844 0012315 124.6698 235.5673 14.78463873211983
1 48714U 02032AX  25092.59011307  .00088561  00000-0  11980-1 0  9993
2 48714  98.4582  39.2844 0012315 124.6698 235.5673 14.78463873212557
1 48714U 02032AX  25093.80823902  .00075888  00000-0  10236-1 0  9991
2 48714  98.4615  40.5640 0012805 121.5662 238.6800 14.78665866212163
1 48714U 02032AX  25093.80823902  .00075888  00000-0  10236-1 0  9991
2 48714  98.4615  40.5640 0012805 121.5662 238.6800 14.78665866212736
1 48714U 02032AX  25094.28191188  .00098164  00000-0  13170-1 0  9990
2 48714  98.4583  41.0616 0012662 120.5167 239.7294 14.78748277212231
1 48714U 02032AX  25094.28191188  .00098164  00000-0  13170-1 0  9990
2 48714  98.4583  41.0616 0012662 120.5167 239.7294 14.78748277212804
1 48714U 02032AX  25095.29683105  .00107355  00000-0  14315-1 0  9992
2 48714  98.4579  42.1293 0012969 118.6446 241.6069 14.78946472212382
1 48714U 02032AX  25095.29683105  .00107355  00000-0  14315-1 0  9992
2 48714  98.4579  42.1293 0012969 118.6446 241.6069 14.78946472212955
1 48714U 02032AX  25096.58221317  .00064881  00000-0  86659-2 0  9995
2 48714  98.4542  43.4769 0013757 115.8356 244.4274 14.79146769212571
1 48714U 02032AX  25096.58221317  .00064881  00000-0  86659-2 0  9995
2 48714  98.4542  43.4769 0013757 115.8356 244.4274 14.79146769213145
1 48714U 02032AX  25097.79978072  .00058814  00000-0  78321-2 0  9992
2 48714  98.4596  44.7549 0013300 114.7689 245.4907 14.79319038212756
1 48714U 02032AX  25097.79978072  .00058814  00000-0  78321-2 0  9992
2 48714  98.4596  44.7549 0013300 114.7689 245.4907 14.79319038213320
1 48714U 02032AX  25099.28772522  .00093030  00000-0  12248-1 0  9994
2 48714  98.4698  46.3199 0014646 111.0365 249.2413 14.79562066212972
1 48714U 02032AX  25099.28772522  .00093030  00000-0  12248-1 0  9994
2 48714  98.4698  46.3199 0014646 111.0365 249.2413 14.79562066213546
1 48714U 02032AX  25100.36970075  .00082158  00000-0  10787-1 0  9994
2 48714  98.4565  47.4615 0014260 109.7181 250.5569 14.79751924213131
1 48714U 02032AX  25100.36970075  .00082158  00000-0  10787-1 0  9994
2 48714  98.4565  47.4615 0014260 109.7181 250.5569 14.79751924213704
1 48714U 02032AX  25101.58677399  .00072683  00000-0  95145-2 0  9996
2 48714  98.4568  48.7417 0014597 107.8485 252.4319 14.79937094213315
1 48714U 02032AX  25101.58677399  .00072683  00000-0  95145-2 0  9996
2 48714  98.4568  48.7417 0014597 107.8485 252.4319 14.79937094213887
1 48714U 02032AX  25101.78960346  .00076170  00000-0  99570-2 0  9996
2 48714  98.4569  48.9548 0014465 107.7277 252.5513 14.79974555213348
1 48714U 02032AX  25101.78960346  .00076170  00000-0  99570-2 0  9996
2 48714  98.4569  48.9548 0014465 107.7277 252.5513 14.79974555213911
1 48714U 02032AX  25102.80369043  .00081163  00000-0  10561-1 0  9997
2 48714  98.4568  50.0227 0014605 105.6381 254.6442 14.80134148213492
1 48714U 02032AX  25102.80369043  .00081163  00000-0  10561-1 0  9997
2 48714  98.4568  50.0227 0014605 105.6381 254.6442 14.80134148214066
1 48714U 02032AX  25103.81765591  .00076150  00000-0  98763-2 0  9998
2 48714  98.4576  51.0908 0014382 103.9358 256.3453 14.80307205213649
1 48714U 02032AX  25103.81765591  .00076150  00000-0  98763-2 0  9998
2 48714  98.4576  51.0908 0014382 103.9358 256.3453 14.80307205214213
1 48714U 02032AX  25104.29080512  .00074784  00000-0  96868-2 0  9999
2 48714  98.4570  51.5893 0014270 102.8067 257.4738 14.80370821213712
1 48714U 02032AX  25104.29080512  .00074784  00000-0  96868-2 0  9999
2 48714  98.4570  51.5893 0014270 102.8067 257.4738 14.80370821214285
1 48714U 02032AX  25104.29080517  .00072227  00000-0  93595-2 0  9998
2 48714  98.4571  51.5893 0014315 102.7511 257.5301 14.80369838213719
1 48714U 02032AX  25104.29080517  .00072227  00000-0  93595-2 0  9998
2 48714  98.4571  51.5893 0014315 102.7511 257.5301 14.80369838214282
1 48714U 02032AX  25106.58865296  .00080210  00000-0  10297-1 0  9995
2 48714  98.4590  54.0123 0014716  98.5178 261.7701 14.80707663214051
1 48714U 02032AX  25106.58865296  .00080210  00000-0  10297-1 0  9995
2 48714  98.4590  54.0123 0014716  98.5178 261.7701 14.80707663214624
1 48714U 02032AX  25106.58867012  .00210539  00000-0  26501-1 0  9997
2 48714  98.4580  54.0119 0015040  99.1100 261.1813 14.80714262214059
1 48714U 02032AX  25106.58867012  .00210539  00000-0  26501-1 0  9997
2 48714  98.4580  54.0119 0015040  99.1100 261.1813 14.80714262214622
1 48714U 02032AX  25107.80494505  .00060576  00000-0  77648-2 0  9999
2 48714  98.4589  55.2952 0015037  96.6331 263.6592 14.80897158214237
1 48714U 02032AX  25107.80494505  .00060576  00000-0  77648-2 0  9999
2 48714  98.4589  55.2952 0015037  96.6331 263.6592 14.80897158214800
1 48714U 02032AX  25108.81840810  .00055049  00000-0  70390-2 0  9991
2 48714  98.4528  56.3583 0016084  95.7785 264.5260 14.81027360214950
1 48714U 02032AX  25109.29132683  .00066239  00000-0  84444-2 0  9994
2 48714  98.4557  56.8598 0014927  93.2390 267.0529 14.81090233214452
1 48714U 02032AX  25109.29132683  .00066239  00000-0  84444-2 0  9994
2 48714  98.4557  56.8598 0014927  93.2390 267.0529 14.81090233215026
1 48714U 02032AX  25113.81674784  .00062710  00000-0  78755-2 0  9998
2 48714  98.4566  61.6345 0014941  85.5051 274.7866 14.81741730215129
1 48714U 02032AX  25113.81674784  .00062710  00000-0  78755-2 0  9998
2 48714  98.4566  61.6345 0014941  85.5051 274.7866 14.81741730215691
1 48714U 02032AX  25116.31494525  .00074988  00000-0  93045-2 0  9998
2 48714  98.4548  64.2713 0015528  82.6107 277.6868 14.82159146216062
1 48714U 02032AX  25116.78749806  .00070836  00000-0  87792-2 0  9994
2 48714  98.4562  64.7713 0015219  82.0632 278.2306 14.82237513215560
1 48714U 02032AX  25117.12502228  .00085801  00000-0  10595-1 0  9992
2 48714  98.4559  65.1275 0015249  81.2225 279.0712 14.82293725215619
1 48714U 02032AX  25117.12502228  .00085801  00000-0  10595-1 0  9992
2 48714  98.4559  65.1275 0015249  81.2225 279.0712 14.82293725216182
1 48714U 02032AX  25117.80002986  .00079746  00000-0  98287-2 0  9999
2 48714  98.4560  65.8404 0015130  80.1437 280.1482 14.82412342215710
1 48714U 02032AX  25118.81244623  .00070679  00000-0  86917-2 0  9990
2 48714  98.4566  66.9104 0014849  77.9186 282.3688 14.82567816215861
1 48714U 02032AX  25118.81244623  .00070679  00000-0  86917-2 0  9990
2 48714  98.4566  66.9104 0014849  77.9186 282.3688 14.82567816216435
1 48714U 02032AX  25121.30931764  .00068252  00000-0  83267-2 0  9996
2 48714  98.4579  69.5513 0014925  73.5829 286.7022 14.82914017216803
1 48714U 02032AX  25122.59125889  .00077671  00000-0  94153-2 0  9992
2 48714  98.4567  70.9063 0014753  72.5975 287.6849 14.83121487216423
1 48714U 02032AX  25122.59125889  .00077671  00000-0  94153-2 0  9992
2 48714  98.4567  70.9063 0014753  72.5975 287.6849 14.83121487216995
1 48714U 02032AX  25123.60319479  .00070185  00000-0  84867-2 0  9999
2 48714  98.4559  71.9767 0014877  71.3042 288.9784 14.83271923216574
1 48714U 02032AX  25123.80556932  .00070160  00000-0  84777-2 0  9991
2 48714  98.4566  72.1910 0014715  70.6688 289.6113 14.83302899216609
1 48714U 02032AX  25124.07539820  .00059028  00000-0  71411-2 0  9999
2 48714  98.4565  72.4768 0014779  70.1031 290.1771 14.83326417216642
1 48714U 02032AX  25124.07539820  .00059028  00000-0  71411-2 0  9999
2 48714  98.4565  72.4768 0014779  70.1031 290.1771 14.83326417217216
1 48714U 02032AX  25124.81740159  .00053261  00000-0  64376-2 0  9995
2 48714  98.4561  73.2616 0014697  68.6969 291.5810 14.83404023216751
1 48714U 02032AX  25124.81740159  .00053261  00000-0  64376-2 0  9995
2 48714  98.4561  73.2616 0014697  68.6969 291.5810 14.83404023217325
1 48714U 02032AX  25125.28956310  .00059107  00000-0  71276-2 0  9997
2 48714  98.4556  73.7619 0014527  67.1099 293.1645 14.83462671216828
1 48714U 02032AX  25125.28956310  .00059107  00000-0  71276-2 0  9997
2 48714  98.4556  73.7619 0014527  67.1099 293.1645 14.83462671217391
1 48714U 02032AX  25126.36872438  .00056764  00000-0  68279-2 0  9990
2 48714  98.4549  74.9037 0014351  64.8853 295.3846 14.83584095216983
1 48714U 02032AX  25126.36872438  .00056764  00000-0  68279-2 0  9990
2 48714  98.4549  74.9037 0014351  64.8853 295.3846 14.83584095217557
1 48714U 02032AX  25127.31292467  .00050651  00000-0  60857-2 0  9997
2 48714  98.4548  75.9036 0014246  63.2656 297.0013 14.83674131217122
1 48714U 02032AX  25127.31292467  .00050651  00000-0  60857-2 0  9997
2 48714  98.4548  75.9036 0014246  63.2656 297.0013 14.83674131217694
1 48714U 02032AX  25128.32450517  .00043714  00000-0  52470-2 0  9995
2 48714  98.4543  76.9742 0014367  62.0924 298.1741 14.83763802217271
1 48714U 02032AX  25128.32450517  .00043714  00000-0  52470-2 0  9995
2 48714  98.4543  76.9742 0014367  62.0924 298.1741 14.83763802217844
1 48714U 02032AX  25129.06628851  .00053855  00000-0  64416-2 0  9995
2 48714  98.4573  77.7586 0014219  61.1505 299.1133 14.83839280217382
1 48714U 02032AX  25129.06628851  .00053855  00000-0  64416-2 0  9995
2 48714  98.4573  77.7586 0014219  61.1505 299.1133 14.83839280217955
1 48714U 02032AX  25129.80803695  .00046230  00000-0  55276-2 0  9991
2 48714  98.4561  78.5447 0014082  58.9792 301.2801 14.83908116217498
1 48714U 02032AX  25129.80803695  .00046230  00000-0  55276-2 0  9991
2 48714  98.4561  78.5447 0014082  58.9792 301.2801 14.83908116218062
1 48714U 02032AX  25130.81945149  .00042274  00000-0  50460-2 0  9999
2 48714  98.4565  79.6161 0013990  57.0311 303.2244 14.84008624217647
1 48714U 02032AX  25130.81945149  .00042274  00000-0  50460-2 0  9999
2 48714  98.4565  79.6161 0013990  57.0311 303.2244 14.84008624218211
1 48714U 02032AX  25132.30274665  .00050273  00000-0  59732-2 0  9992
2 48714  98.4570  81.1883 0013541  52.6458 307.5985 14.84146346217864
1 48714U 02032AX  25132.30274665  .00050273  00000-0  59732-2 0  9992
2 48714  98.4570  81.1883 0013541  52.6458 307.5985 14.84146346218438
1 48714U 02032AX  25133.31400990  .00038824  00000-0  46134-2 0  9996
2 48714  98.4573  82.2603 0013423  50.7484 309.4918 14.84226506218018
1 48714U 02032AX  25133.31400990  .00038824  00000-0  46134-2 0  9996
2 48714  98.4573  82.2603 0013423  50.7484 309.4918 14.84226506218580
1 48714U 02032AX  25134.32521702  .00045749  00000-0  54182-2 0  9999
2 48714  98.4572  83.3319 0013311  48.9233 311.3127 14.84314314218165
1 48714U 02032AX  25134.59486250  .00040122  00000-0  47546-2 0  9992
2 48714  98.4575  83.6179 0013267  48.1053 312.1289 14.84331147218203
1 48714U 02032AX  25134.59486250  .00040122  00000-0  47546-2 0  9992
2 48714  98.4575  83.6179 0013267  48.1053 312.1289 14.84331147218775
1 48714U 02032AX  25136.81927365  .00040215  00000-0  47438-2 0  9999
2 48714  98.4579  85.9762 0012920  42.9778 317.2442 14.84523134218533
1 48714U 02032AX  25136.81927365  .00040215  00000-0  47438-2 0  9999
2 48714  98.4579  85.9762 0012920  42.9778 317.2442 14.84523134219107
1 48714U 02032AX  25137.29108121  .00053873  00000-0  63319-2 0  9993
2 48714  98.4584  86.4760 0012894  42.5144 317.7065 14.84576058218603
1 48714U 02032AX  25137.29108121  .00053873  00000-0  63319-2 0  9993
2 48714  98.4584  86.4760 0012894  42.5144 317.7065 14.84576058219176
1 48714U 02032AX  25139.11076448  .00047257  00000-0  55376-2 0  9995
2 48714  98.4572  88.4057 0012435  38.6542 321.5559 14.84750496218870
1 48714U 02032AX  25139.11076448  .00047257  00000-0  55376-2 0  9995
2 48714  98.4572  88.4057 0012435  38.6542 321.5559 14.84750496219444
1 48714U 02032AX  25140.12161921  .00038421  00000-0  45014-2 0  9990
2 48714  98.4564  89.4772 0012324  37.7235 322.4839 14.84823497219595
1 48714U 02032AX  25140.32378416  .00034177  00000-0  40064-2 0  9995
2 48714  98.4560  89.6915 0012180  36.0904 324.1128 14.84835454219054
1 48714U 02032AX  25140.32378416  .00034177  00000-0  40064-2 0  9995
2 48714  98.4560  89.6915 0012180  36.0904 324.1128 14.84835454219627
1 48714U 02032AX  25141.60410766  .00042136  00000-0  49191-2 0  9996
2 48714  98.4553  91.0493 0011911  33.6964 326.5004 14.84946515219245
1 48714U 02032AX  25141.60410766  .00042136  00000-0  49191-2 0  9996
2 48714  98.4553  91.0493 0011911  33.6964 326.5004 14.84946515219818
1 48714U 02032AX  25142.81696122  .00037196  00000-0  43365-2 0  9999
2 48714  98.4562  92.3363 0011690  30.5866 329.6026 14.85041447219425
1 48714U 02032AX  25142.81696122  .00037196  00000-0  43365-2 0  9999
2 48714  98.4562  92.3363 0011690  30.5866 329.6026 14.85041447219997
1 48714U 02032AX  25143.82761733  .00034613  00000-0  40306-2 0  9995
2 48714  98.4559  93.4084 0011506  28.9519 331.2330 14.85112542219573
1 48714U 02032AX  25144.36661353  .00033601  00000-0  39099-2 0  9995
2 48714  98.4560  93.9810 0011324  26.6688 333.5105 14.85151876219654
1 48714U 02032AX  25144.36661353  .00033601  00000-0  39099-2 0  9995
2 48714  98.4560  93.9810 0011324  26.6688 333.5105 14.85151876220229
1 48714U 02032AX  25145.30982358  .00034504  00000-0  40078-2 0  9993
2 48714  98.4559  94.9819 0011057  24.2572 335.9159 14.85219852219790
1 48714U 02032AX  25145.30982358  .00034504  00000-0  40078-2 0  9993
2 48714  98.4559  94.9819 0011057  24.2572 335.9159 14.85219852220365
1 48714U 02032AX  25146.58982311  .00033444  00000-0  38770-2 0  9991
2 48714  98.4562  96.3406 0010757  21.5492 338.6171 14.85313098219981
1 48714U 02032AX  25146.58982311  .00033444  00000-0  38770-2 0  9991
2 48714  98.4562  96.3406 0010757  21.5492 338.6171 14.85313098220556
1 48714U 02032AX  25150.29458096  .00053917  00000-0  61759-2 0  9992
2 48714  98.4609 100.2735 0009925  16.1945 343.9584 14.85661484220536
1 48714U 02032AX  25150.29458096  .00053917  00000-0  61759-2 0  9992
2 48714  98.4609 100.2735 0009925  16.1945 343.9584 14.85661484221100
1 48714U 02032AX  25151.30481295  .00038365  00000-0  43984-2 0  9992
2 48714  98.4579 101.3467 0009547  10.7052 349.4362 14.85739312220682
1 48714U 02032AX  25151.30481295  .00038365  00000-0  43984-2 0  9992
2 48714  98.4579 101.3467 0009547  10.7052 349.4362 14.85739312221256
1 48714U 02032AX  25152.31498604  .00047318  00000-0  54039-2 0  9997
2 48714  98.4570 102.4197 0009171   7.3110 352.8236 14.85834684221402
1 48714U 02032AX  25152.58435021  .00190349  00000-0  21200-1 0  9996
2 48714  98.4571 102.7054 0009174   7.2151 352.9193 14.85971542220873
1 48714U 02032AX  25152.58435021  .00190349  00000-0  21200-1 0  9996
2 48714  98.4571 102.7054 0009174   7.2151 352.9193 14.85971542221447
1 48714U 02032AX  25153.32506815  .00051817  00000-0  58921-2 0  9996
2 48714  98.4585 103.4927 0008776   5.0298 355.1002 14.85983429221557
1 48714U 02032AX  25153.59440761  .00073320  00000-0  83000-2 0  9991
2 48714  98.4561 103.7792 0008494   4.5712 355.5578 14.86026730221024
1 48714U 02032AX  25153.59440761  .00073320  00000-0  83000-2 0  9991
2 48714  98.4561 103.7792 0008494   4.5712 355.5578 14.86026730221596
1 48714U 02032AX  25154.80636232  .00109222  00000-0  12245-1 0  9999
2 48714  98.4557 105.0676 0008005 359.8646   0.2564 14.86201726221204
1 48714U 02032AX  25154.80636232  .00109222  00000-0  12245-1 0  9999
2 48714  98.4557 105.0676 0008005 359.8646   0.2564 14.86201726221776
1 48714U 02032AX  25155.81625344  .00049355  00000-0  55791-2 0  9997
2 48714  98.4542 106.1401 0007665   0.5646 359.5574 14.86249462221353
1 48714U 02032AX  25155.81625344  .00049355  00000-0  55791-2 0  9997
2 48714  98.4542 106.1401 0007665   0.5646 359.5574 14.86249462221926
1 48714U 02032AX  25157.29733315  .00027868  00000-0  31559-2 0  9990
2 48714  98.4546 107.7151 0007421 354.8069   5.3066 14.86344222221576
1 48714U 02032AX  25157.29733315  .00027868  00000-0  31559-2 0  9990
2 48714  98.4546 107.7151 0007421 354.8069   5.3066 14.86344222222140
1 48714U 02032AX  25160.79766302  .00032996  00000-0  37102-2 0  9999
2 48714  98.4573 111.4359 0006565 341.8931  18.2048 14.86594328222095
1 48714U 02032AX  25161.80726520  .00026012  00000-0  29250-2 0  9997
2 48714  98.4589 112.5112 0006348 337.2476  22.8456 14.86655861222244
1 48714U 02032AX  25161.80726520  .00026012  00000-0  29250-2 0  9997
2 48714  98.4589 112.5112 0006348 337.2476  22.8456 14.86655861222817
1 48714U 02032AX  25162.81682480  .00033602  00000-0  37659-2 0  9990
2 48714  98.4595 113.5856 0006084 333.8157  26.2748 14.86726033222390
1 48714U 02032AX  25162.81682480  .00033602  00000-0  37659-2 0  9990
2 48714  98.4595 113.5856 0006084 333.8157  26.2748 14.86726033222963
1 48714U 02032AX  25164.29741508  .00123159  00000-0  13544-1 0  9994
2 48714  98.4590 115.1610 0005393 329.0126  31.0769 14.86916283222616
1 48714U 02032AX  25164.29741508  .00123159  00000-0  13544-1 0  9994
2 48714  98.4590 115.1610 0005393 329.0126  31.0769 14.86916283223189
1 48714U 02032AX  25166.31615327  .00028235  00000-0  31432-2 0  9994
2 48714  98.4578 117.3089 0004981 317.4296  42.6531 14.87051334222913
1 48714U 02032AX  25166.31615327  .00028235  00000-0  31432-2 0  9994
2 48714  98.4578 117.3089 0004981 317.4296  42.6531 14.87051334223486
1 48714U 02032AX  25167.32544576  .00028910  00000-0  32127-2 0  9995
2 48714  98.4563 118.3826 0004772 312.0139  48.0668 14.87117389223063
1 48714U 02032AX  25167.32544576  .00028910  00000-0  32127-2 0  9995
2 48714  98.4563 118.3826 0004772 312.0139  48.0668 14.87117389223636
1 48714U 02032AX  25170.82396525  .00030201  00000-0  33358-2 0  9996
2 48714  98.4558 122.1071 0003970 293.2257  66.8539 14.87357391223583
1 48714U 02032AX  25170.82396525  .00030201  00000-0  33358-2 0  9996
2 48714  98.4558 122.1071 0003970 293.2257  66.8539 14.87357391224157
1 48714U 02032AX  25172.30394840  .00025715  00000-0  28373-2 0  9994
2 48714  98.4551 123.6828 0003827 283.2599  76.8188 14.87442604223809
1 48714U 02032AX  25172.30394840  .00025715  00000-0  28373-2 0  9994
2 48714  98.4551 123.6828 0003827 283.2599  76.8188 14.87442604224372
1 48714U 02032AX  25174.32197242  .00025957  00000-0  28559-2 0  9999
2 48714  98.4541 125.8314 0003737 270.2139  89.8647 14.87556032224679
1 48714U 02032AX  25174.59103115  .00025315  00000-0  27848-2 0  9992
2 48714  98.4544 126.1187 0003718 268.5818  91.4971 14.87569169224143
1 48714U 02032AX  25174.59103115  .00025315  00000-0  27848-2 0  9992
2 48714  98.4544 126.1187 0003718 268.5818  91.4971 14.87569169224716
1 48714U 02032AX  25178.82836460  .00028093  00000-0  30700-2 0  9995
2 48714  98.4541 130.6330 0003734 239.2402 120.8445 14.87812362224770
1 48714U 02032AX  25178.82836460  .00028093  00000-0  30700-2 0  9995
2 48714  98.4541 130.6330 0003734 239.2402 120.8445 14.87812362225344
1 48714U 02032AX  25179.29913313  .00024103  00000-0  26347-2 0  9990
2 48714  98.4545 131.1344 0003855 235.8752 124.2097 14.87839861224841
1 48714U 02032AX  25179.83714578  .00025633  00000-0  27989-2 0  9994
2 48714  98.4550 131.7083 0003895 232.0726 128.0137 14.87867863224926
1 48714U 02032AX  25180.30789775  .00022810  00000-0  24910-2 0  9994
2 48714  98.4549 132.2098 0003998 227.9879 132.0996 14.87892071224996
1 48714U 02032AX  25180.30789775  .00022810  00000-0  24910-2 0  9994
2 48714  98.4549 132.2098 0003998 227.9879 132.0996 14.87892071225560
1 48714U 02032AX  25181.31662354  .00028941  00000-0  31510-2 0  9994
2 48714  98.4542 133.2845 0004186 221.8066 138.2829 14.87954739225142
1 48714U 02032AX  25181.31662354  .00028941  00000-0  31510-2 0  9994
2 48714  98.4542 133.2845 0004186 221.8066 138.2829 14.87954739225715
1 48714U 02032AX  25183.33394010  .00026587  00000-0  28868-2 0  9995
2 48714  98.4538 135.4341 0004479 209.8956 150.2003 14.88086501226010
1 48714U 02032AX  25183.60290250  .00030861  00000-0  33462-2 0  9992
2 48714  98.4545 135.7206 0004502 208.2765 151.8205 14.88104996225489
1 48714U 02032AX  25183.60290250  .00030861  00000-0  33462-2 0  9992
2 48714  98.4545 135.7206 0004502 208.2765 151.8205 14.88104996226053
1 48714U 02032AX  25184.81319220  .00036730  00000-0  39694-2 0  9999
2 48714  98.4544 137.0106 0004752 201.3478 158.7539 14.88190404225669
1 48714U 02032AX  25184.81319220  .00036730  00000-0  39694-2 0  9999
2 48714  98.4544 137.0106 0004752 201.3478 158.7539 14.88190404226233
1 48714U 02032AX  25186.83017678  .00035750  00000-0  38495-2 0  9994
2 48714  98.4554 139.1616 0005191 194.5686 165.5380 14.88344062225965
1 48714U 02032AX  25186.83017678  .00035750  00000-0  38495-2 0  9994
2 48714  98.4554 139.1616 0005191 194.5686 165.5380 14.88344062226539
1 48714U 02032AX  25189.11585241  .00029409  00000-0  31584-2 0  9990
2 48714  98.4540 141.5989 0005834 183.4369 176.6807 14.88500374226305
1 48714U 02032AX  25189.11585241  .00029409  00000-0  31584-2 0  9990
2 48714  98.4540 141.5989 0005834 183.4369 176.6807 14.88500374226877
1 48714U 02032AX  25190.59470025  .00024180  00000-0  25946-2 0  9993
2 48714  98.4539 143.1767 0006186 178.3528 181.7708 14.88584192226527
1 48714U 02032AX  25191.60296027  .00021429  00000-0  22982-2 0  9994
2 48714  98.4552 144.2526 0006449 174.8857 185.2425 14.88634044226678
1 48714U 02032AX  25191.80460349  .00034478  00000-0  36815-2 0  9994
2 48714  98.4525 144.4642 0008508 155.4896 204.6714 14.88678916226702
1 48714U 02032AX  25191.80460349  .00034478  00000-0  36815-2 0  9994
2 48714  98.4525 144.4642 0008508 155.4896 204.6714 14.88678916227275
1 48714U 02032AX  25192.61118796  .00028717  00000-0  30701-2 0  9997
2 48714  98.4578 145.3289 0006640 171.8014 188.3311 14.88687394226820
1 48714U 02032AX  25192.61118796  .00028717  00000-0  30701-2 0  9997
2 48714  98.4578 145.3289 0006640 171.8014 188.3311 14.88687394227393
1 48714U 02032AX  25193.82100465  .00037672  00000-0  40114-2 0  9994
2 48714  98.4572 146.6201 0006859 167.5572 192.5814 14.88775411227009
1 48714U 02032AX  25193.82100465  .00037672  00000-0  40114-2 0  9994
2 48714  98.4572 146.6201 0006859 167.5572 192.5814 14.88775411227571
1 48714U 02032AX  25194.82913049  .00036353  00000-0  38649-2 0  9990
2 48714  98.4594 147.6968 0006977 165.1908 194.9513 14.88848241227152
1 48714U 02032AX  25195.83721247  .00027470  00000-0  29218-2 0  9991
2 48714  98.4550 148.7707 0007294 161.0918 199.0569 14.88904051227874
1 48714U 02032AX  25196.30763721  .00033477  00000-0  35532-2 0  9997
2 48714  98.4565 149.2725 0007733 158.1410 202.0136 14.88935555227371
1 48714U 02032AX  25197.11405360  .00031569  00000-0  33473-2 0  9991
2 48714  98.4564 150.1330 0007676 156.5272 203.6295 14.88991515228065
1 48714U 02032AX  25197.38285303  .00027588  00000-0  29266-2 0  9994
2 48714  98.4532 150.4190 0007821 155.5750 204.5837 14.89006575227536
1 48714U 02032AX  25198.32362499  .00040194  00000-0  42455-2 0  9994
2 48714  98.4529 151.4233 0008022 153.7402 206.4222 14.89078244227675
1 48714U 02032AX  25198.32362499  .00040194  00000-0  42455-2 0  9994
2 48714  98.4529 151.4233 0008022 153.7402 206.4222 14.89078244228249
1 48714U 02032AX  25199.60031287  .00033428  00000-0  35269-2 0  9991
2 48714  98.4527 152.7861 0008348 150.6307 209.5379 14.89174003227863
1 48714U 02032AX  25199.60031287  .00033428  00000-0  35269-2 0  9991
2 48714  98.4527 152.7861 0008348 150.6307 209.5379 14.89174003228437
1 48714U 02032AX  25200.60816456  .00034408  00000-0  36224-2 0  9994
2 48714  98.4523 153.8622 0008638 147.6634 212.5112 14.89251420228013
1 48714U 02032AX  25200.80972882  .00034524  00000-0  36332-2 0  9991
2 48714  98.4524 154.0774 0008644 147.4101 212.7649 14.89266476228046
1 48714U 02032AX  25200.80972882  .00034524  00000-0  36332-2 0  9991
2 48714  98.4524 154.0774 0008644 147.4101 212.7649 14.89266476228619
1 48714U 02032AX  25201.81751734  .00033480  00000-0  35171-2 0  9994
2 48714  98.4521 155.1536 0009031 143.5382 216.6450 14.89344425228190
1 48714U 02032AX  25201.81751734  .00033480  00000-0  35171-2 0  9994
2 48714  98.4521 155.1536 0009031 143.5382 216.6450 14.89344425228763
1 48714U 02032AX  25202.82525215  .00036398  00000-0  38135-2 0  9993
2 48714  98.4522 156.2297 0009306 141.0584 219.1303 14.89426176228345
1 48714U 02032AX  25202.82525215  .00036398  00000-0  38135-2 0  9993
2 48714  98.4522 156.2297 0009306 141.0584 219.1303 14.89426176228918
1 48714U 02032AX  25205.31073967  .00054828  00000-0  56892-2 0  9990
2 48714  98.4528 158.8851 0009792 136.4373 223.7618 14.89682738228717
1 48714U 02032AX  25205.31073967  .00054828  00000-0  56892-2 0  9990
2 48714  98.4528 158.8851 0009792 136.4373 223.7618 14.89682738229280
1 48714U 02032AX  25206.31824275  .00042135  00000-0  43713-2 0  9993
2 48714  98.4528 159.9617 0009992 134.7419 225.4612 14.89776950228862
1 48714U 02032AX  25206.31824275  .00042135  00000-0  43713-2 0  9993
2 48714  98.4528 159.9617 0009992 134.7419 225.4612 14.89776950229436
1 48714U 02032AX  25207.32568104  .00044240  00000-0  45768-2 0  9992
2 48714  98.4530 161.0388 0010250 132.8923 227.3155 14.89873299229017
1 48714U 02032AX  25207.32568104  .00044240  00000-0  45768-2 0  9992
2 48714  98.4530 161.0388 0010250 132.8923 227.3155 14.89873299229589
1 48714U 02032AX  25208.33305207  .00045109  00000-0  46538-2 0  9998
2 48714  98.4524 162.1153 0010525 130.6126 229.6007 14.89976210229162
1 48714U 02032AX  25208.33305207  .00045109  00000-0  46538-2 0  9998
2 48714  98.4524 162.1153 0010525 130.6126 229.6007 14.89976210229735
1 48714U 02032AX  25209.60895880  .00044007  00000-0  45274-2 0  9992
2 48714  98.4525 163.4792 0010763 128.7738 231.4440 14.90095212229356
1 48714U 02032AX  25209.81040912  .00047946  00000-0  49266-2 0  9993
2 48714  98.4568 163.6930 0010839 127.9862 232.2334 14.90116622229385
1 48714U 02032AX  25209.81040912  .00047946  00000-0  49266-2 0  9993
2 48714  98.4568 163.6930 0010839 127.9862 232.2334 14.90116622229958
1 48714U 02032AX  25211.62333383  .00051733  00000-0  52874-2 0  9990
2 48714  98.4579 165.6324 0011197 124.3638 235.8639 14.90303096229656
1 48714U 02032AX  25211.62333383  .00051733  00000-0  52874-2 0  9990
2 48714  98.4579 165.6324 0011197 124.3638 235.8639 14.90303096230221
1 48714U 02032AX  25215.31557019  .00050799  00000-0  51394-2 0  9991
2 48714  98.4555 169.5833 0012101 117.1662 243.0789 14.90710567230206
1 48714U 02032AX  25215.31557019  .00050799  00000-0  51394-2 0  9991
2 48714  98.4555 169.5833 0012101 117.1662 243.0789 14.90710567230778
1 48714U 02032AX  25216.32238825  .00047100  00000-0  47581-2 0  9999
2 48714  98.4537 170.6614 0012386 114.1933 246.0580 14.90793430230357
1 48714U 02032AX  25216.32238825  .00047100  00000-0  47581-2 0  9999
2 48714  98.4537 170.6614 0012386 114.1933 246.0580 14.90793430230920
1 48714U 02032AX  25217.59759795  .00042662  00000-0  43007-2 0  9990
2 48714  98.4509 172.0249 0012286 113.1309 247.1203 14.90909552230540
1 48714U 02032AX  25218.33583316  .00045006  00000-0  45274-2 0  9990
2 48714  98.4519 172.8151 0012379 111.4841 248.7696 14.90977661230657
1 48714U 02032AX  25218.33583316  .00045007  00000-0  45274-2 0  9991
2 48714  98.4519 172.8150 0012379 111.4841 248.7696 14.90977661230656
1 48714U 02032AX  25218.33583316  .00045007  00000-0  45274-2 0  9991
2 48714  98.4519 172.8150 0012379 111.4841 248.7696 14.90977661231220
1 48714U 02032AX  25220.81876896  .00046438  00000-0  46460-2 0  9992
2 48714  98.4514 175.4732 0013183 106.2045 254.0623 14.91178736231027
1 48714U 02032AX  25220.81876896  .00046438  00000-0  46460-2 0  9992
2 48714  98.4514 175.4732 0013183 106.2045 254.0623 14.91178736231599
1 48714U 02032AX  25222.09362118  .00074663  00000-0  74012-2 0  9996
2 48714  98.4533 176.8396 0013051 103.5136 256.7535 14.91367777231211
1 48714U 02032AX  25222.09362118  .00074663  00000-0  74012-2 0  9996
2 48714  98.4533 176.8396 0013051 103.5136 256.7535 14.91367777231783
1 48714U 02032AX  25222.83163163  .00056971  00000-0  56528-2 0  9991
2 48714  98.4529 177.6288 0013132 102.4801 257.7885 14.91440600231320
1 48714U 02032AX  25222.83163163  .00056971  00000-0  56528-2 0  9991
2 48714  98.4529 177.6288 0013132 102.4801 257.7885 14.91440600231892
1 48714U 02032AX  25224.84418974  .00047371  00000-0  46830-2 0  9996
2 48714  98.4529 179.7847 0013312  98.5327 261.7398 14.91650176232193
1 48714U 02032AX  25225.85036385  .00062939  00000-0  61895-2 0  9995
2 48714  98.4527 180.8626 0013341  96.8555 263.4180 14.91756981231777
1 48714U 02032AX  25225.85036385  .00062939  00000-0  61895-2 0  9995
2 48714  98.4527 180.8626 0013341  96.8555 263.4180 14.91756981232341
1 48714U 02032AX  25226.31988730  .00056207  00000-0  55272-2 0  9990
2 48714  98.4537 181.3678 0013266  95.7123 264.5606 14.91802973231842
1 48714U 02032AX  25226.31988730  .00056207  00000-0  55272-2 0  9990
2 48714  98.4537 181.3678 0013266  95.7123 264.5606 14.91802973232416
1 48714U 02032AX  25227.32595513  .00051224  00000-0  50278-2 0  9990
2 48714  98.4535 182.4456 0013388  93.6301 266.6447 14.91908588231997
1 48714U 02032AX  25228.33195517  .00044029  00000-0  43166-2 0  9995
2 48714  98.4535 183.5242 0013420  91.6758 268.5996 14.92004170232146
1 48714U 02032AX  25228.33195517  .00044029  00000-0  43166-2 0  9995
2 48714  98.4535 183.5242 0013420  91.6758 268.5996 14.92004170232719
1 48714U 02032AX  25229.33789590  .00044105  00000-0  43145-2 0  9998
2 48714  98.4527 184.6025 0013546  89.7496 270.5273 14.92090132232294
1 48714U 02032AX  25230.61200105  .00039249  00000-0  38327-2 0  9990
2 48714  98.4472 185.9703 0013393  87.9205 272.3546 14.92196970232489
1 48714U 02032AX  25230.61200105  .00039249  00000-0  38327-2 0  9990
2 48714  98.4472 185.9703 0013393  87.9205 272.3546 14.92196970233053
1 48714U 02032AX  25231.81895680  .00058775  00000-0  57022-2 0  9999
2 48714  98.4505 187.2648 0013217  85.6380 274.6347 14.92325579232666
1 48714U 02032AX  25231.81895680  .00058775  00000-0  57022-2 0  9999
2 48714  98.4505 187.2648 0013217  85.6380 274.6347 14.92325579233230
1 48714U 02032AX  25232.62353377  .00055342  00000-0  53597-2 0  9991
2 48714  98.4509 188.1281 0013358  84.2106 276.0634 14.92416608232782
1 48714U 02032AX  25235.84143556  .00046430  00000-0  44702-2 0  9990
2 48714  98.4526 191.5812 0013619  78.0684 282.2059 14.92708066233267
1 48714U 02032AX  25236.31065944  .00044631  00000-0  42936-2 0  9995
2 48714  98.4531 192.0853 0013660  77.5507 282.7238 14.92751188233333
1 48714U 02032AX  25236.84689685  .00051980  00000-0  49872-2 0  9998
2 48714  98.4531 192.6605 0013533  76.0431 284.2290 14.92809141233410
1 48714U 02032AX  25237.38311436  .00050813  00000-0  48697-2 0  9992
2 48714  98.4529 193.2356 0013322  74.1604 286.1081 14.92864345233498
1 48714U 02032AX  25237.85228632  .00061453  00000-0  58706-2 0  9993
2 48714  98.4530 193.7397 0013163  73.2873 286.9788 14.92924611233564
1 48714U 02032AX  25238.32144170  .00055467  00000-0  52975-2 0  9990
2 48714  98.4527 194.2438 0012975  72.5373 287.7262 14.92973961233635
1 48714U 02032AX  25239.32670171  .00069765  00000-0  66216-2 0  9995
2 48714  98.4521 195.3232 0012942  71.4959 288.7664 14.93131173233780
1 48714U 02032AX  25240.33185417  .00081149  00000-0  76564-2 0  9999
2 48714  98.4513 196.4027 0012805  70.8109 289.4493 14.93299521233930
1 48714U 02032AX  25241.33688502  .00094469  00000-0  88535-2 0  9993
2 48714  98.4517 197.4840 0012379  70.4108 289.8445 14.93489801234089
1 48714U 02032AX  25242.14081681  .00092653  00000-0  86514-2 0  9996
2 48714  98.4517 198.3470 0012401  69.7504 290.5045 14.93646232234207
1 48714U 02032AX  25242.60973687  .00101748  00000-0  94640-2 0  9998
2 48714  98.4522 198.8508 0012336  69.6909 290.5633 14.93746133234276
1 48714U 02032AX  25243.34654865  .00107551  00000-0  99556-2 0  9993
2 48714  98.4524 199.6435 0012295  69.1118 291.1415 14.93903712234382
1 48714U 02032AX  25243.61446148  .00112848  00000-0  10423-1 0  9996
2 48714  98.4515 199.9315 0012309  69.4761 290.7776 14.93959583234422
1 48714U 02032AX  25244.15025442  .00109434  00000-0  10083-1 0  9995
2 48714  98.4521 200.5078 0012244  68.9199 291.3327 14.94075301234507
1 48714U 02032AX  25244.61904183  .00105464  00000-0  97007-2 0  9995
2 48714  98.4520 201.0122 0012133  68.9313 291.3201 14.94168380234575
1 48714U 02032AX  25245.15475962  .00178461  00000-0  16183-1 0  9995
2 48714  98.4518 201.5890 0012037  68.7241 291.5262 14.94310136234656
1 48714U 02032AX  25248.63575125  .00091238  00000-0  82174-2 0  9993
2 48714  98.4539 205.3386 0011604  66.1255 294.1179 14.95086589235174
1 48714U 02032AX  25249.84032411  .00127548  00000-0  11350-1 0  9994
2 48714  98.4539 206.6368 0011098  64.5255 295.7111 14.95354603235355
1 48714U 02032AX  25251.84755422  .00060803  00000-0  54249-2 0  9996
2 48714  98.4538 208.8006 0010836  61.8411 298.3901 14.95646878235657
1 48714U 02032AX  25252.11515737  .00062336  00000-0  55563-2 0  9993
2 48714  98.4543 209.0901 0010809  60.8863 299.3436 14.95675084235699
1 48714U 02032AX  25253.85442771  .00048650  00000-0  43222-2 0  9994
2 48714  98.4546 210.9662 0010216  56.4602 303.7592 14.95896596235956
1 48714U 02032AX  25254.32265207  .00056395  00000-0  49977-2 0  9992
2 48714  98.4534 211.4704 0010282  57.4281 302.7930 14.95944150236027
1 48714U 02032AX  25256.32913665  .00048579  00000-0  42864-2 0  9995
2 48714  98.4528 213.6352 0009702  53.3804 306.8306 14.96169445236326
1 48714U 02032AX  25257.33226809  .00049780  00000-0  43788-2 0  9995
2 48714  98.4539 214.7173 0009808  52.6946 307.5166 14.96282062236476
1 48714U 02032AX  25257.86723936  .00058116  00000-0  50966-2 0  9995
2 48714  98.4552 215.2942 0009529  52.0482 308.1597 14.96348619236555
1 48714U 02032AX  25258.33531716  .00232508  00000-0  19805-1 0  9996
2 48714  98.4620 215.7971 0009297  51.6929 308.5124 14.96484191236625
1 48714U 02032AX  25259.13768007  .00081095  00000-0  70484-2 0  9994
2 48714  98.4593 216.6667 0009019  51.3951 308.8075 14.96561808236742
1 48714U 02032AX  25259.33826018  .00081926  00000-0  71144-2 0  9990
2 48714  98.4572 216.8834 0008891  50.0364 310.1635 14.96591799236771
1 48714U 02032AX  25260.34110026  .00058702  00000-0  50985-2 0  9994
2 48714  98.4557 217.9672 0008667  48.5739 311.6224 14.96728011236921
1 48714U 02032AX  25261.41069116  .00069167  00000-0  59735-2 0  9995
2 48714  98.4532 219.1222 0008357  47.5864 312.6061 14.96886703237084
1 48714U 02032AX  25263.34903034  .00096905  00000-0  82673-2 0  9992
2 48714  98.4524 221.2173 0008037  48.3168 311.8738 14.97200984237371
1 48714U 02032AX  25265.62096483  .00145975  00000-0  12202-1 0  9998
2 48714  98.4521 223.6735 0007859  54.3131 305.8820 14.97716805237713
1 48714U 02032AX  25267.82513792  .00143327  00000-0  11775-1 0  9992
2 48714  98.4549 226.0598 0006668  56.4051 303.7805 14.98408585238049
1 48714U 02032AX  25268.82671208  .00151877  00000-0  12367-1 0  9997
2 48714  98.4566 227.1451 0006006  59.6687 300.5127 14.98706363238197
1 48714U 02032AX  25270.82926615  .00139626  00000-0  11221-1 0  9991
2 48714  98.4559 229.3169 0005483  65.1376 295.0415 14.99286582238492
1 48714U 02032AX  25272.83097316  .00206311  00000-0  16106-1 0  9994
2 48714  98.4538 231.4869 0005069  75.1518 285.0264 15.00030893238798
1 48714U 02032AX  25272.83097317  .00206311  00000-0  16106-1 0  9995
2 48714  98.4538 231.4869 0005069  75.1518 285.0265 15.00030893238799
1 48714U 02032AX  25274.83148323  .00213480  00000-0  16242-1 0  9997
2 48714  98.4620 233.6690 0005208  84.9874 275.1942 15.00980620239093
1 48714U 02032AX  25274.83148323  .00213480  00000-0  16242-1 0  9997
2 48714  98.4620 233.6690 0005208  84.9874 275.1942 15.00980620239093
1 48714U 02032AX  25275.83130726  .00162442  00000-0  12325-1 0  9995
2 48714  98.4614 234.7569 0005338  89.8792 270.3042 15.01367303239243
1 48714U 02032AX  25275.83130751  .00202456  00000-0  15265-1 0  9999
2 48714  98.4615 234.7570 0005334  89.9402 270.2431 15.01385192239248
1 48714U 02032AX  25276.63099000  .00175484  00000-0  13190-1 0  9994
2 48714  98.4557 235.6213 0005564  94.6869 265.4988 15.01651101239364
1 48714U 02032AX  25277.83024972  .00161090  00000-0  12012-1 0  9993
2 48714  98.4549 236.9268 0005737  98.8223 261.3649 15.02034859239546
1 48714U 02032AX  25279.16243410  .00114075  00000-0  84879-2 0  9993
2 48714  98.4543 238.3774 0006041 102.4629 257.7269 15.02375066239746
1 48714U 02032AX  25279.36223721  .00110167  00000-0  81919-2 0  9998
2 48714  98.4545 238.5953 0006080 102.5224 257.6679 15.02420876239771
1 48714U 02032AX  25279.36223722  .00110167  00000-0  81919-2 0  9999
2 48714  98.4545 238.5953 0006080 102.5224 257.6679 15.02420876239771
1 48714U 02032AX  25279.62863172  .00114834  00000-0  85194-2 0  9991
2 48714  98.4555 238.8857 0006262 103.8188 256.3731 15.02481108239818
1 48714U 02032AX  25280.36115769  .00130036  00000-0  95781-2 0  9991
2 48714  98.4547 239.6845 0006705 103.5286 256.6684 15.02667819239920
1 48714U 02032AX  25282.35842769  .00106575  00000-0  77582-2 0  9999
2 48714  98.4540 241.8630 0007692 103.6409 256.5671 15.03237917240227
1 48714U 02032AX  25282.35842769  .00106575  00000-0  77582-2 0  9999
2 48714  98.4540 241.8630 0007692 103.6409 256.5671 15.03237917240227
1 48714U 02032AX  25283.35680664  .00127525  00000-0  91977-2 0  9996
2 48714  98.4540 242.9531 0007933 104.7696 255.4406 15.03471642240372
1 48714U 02032AX  25283.35680665  .00127525  00000-0  91977-2 0  9997
2 48714  98.4540 242.9531 0007933 104.7696 255.4406 15.03471642240372
1 48714U 02032AX  25284.35502507  .00111431  00000-0  80032-2 0  9995
2 48714  98.4540 244.0436 0008282 105.0549 255.1591 15.03716609240522
1 48714U 02032AX  25285.15346720  .00136559  00000-0  97122-2 0  9993
2 48714  98.4548 244.9155 0007988 108.8923 251.3167 15.03950479240641
1 48714U 02032AX  25285.61916528  .00156306  00000-0  11038-1 0  9996
2 48714  98.4542 245.4240 0008307 109.3030 250.9093 15.04110713240718
1 48714U 02032AX  25286.61692899  .00148939  00000-0  10434-1 0  9991
2 48714  98.4524 246.5147 0008819 108.5002 251.7181 15.04445066240869
1 48714U 02032AX  25287.14898423  .00133996  00000-0  93719-2 0  9996
2 48714  98.4480 247.0978 0008761 109.7628 250.4542 15.04588888240947
1 48714U 02032AX  25287.34849322  .00130640  00000-0  91300-2 0  9999
2 48714  98.4500 247.3157 0008386 110.5185 249.6939 15.04638871240974
1 48714U 02032AX  25289.40970198  .00123463  00000-0  85172-2 0  9999
2 48714  98.4526 249.5711 0009675 108.2833 251.9444 15.05155560241280
1 48714U 02032AX  25289.40970198  .00123463  00000-0  85172-2 0  9999
2 48714  98.4526 249.5711 0009675 108.2833 251.9444 15.05155560241280
1 48714U 02032AX  25290.34032184  .00141688  00000-0  96779-2 0  9992
2 48714  98.4535 250.5898 0009545 107.5192 252.7076 15.05430240241421
1 48714U 02032AX  25290.34032185  .00141688  00000-0  96779-2 0  9993
2 48714  98.4535 250.5898 0009545 107.5192 252.7076 15.05430240241421
1 48714U 02032AX  25291.33723363  .00184949  00000-0  12445-1 0  9992
2 48714  98.4519 251.6815 0010325 108.0697 252.1652 15.05755437241576
1 48714U 02032AX  25292.86528258  .00201167  00000-0  13262-1 0  9997
2 48714  98.4525 253.3564 0009726 115.1927 245.0307 15.06435734241801
1 48714U 02032AX  25294.32631146  .00189140  00000-0  12310-1 0  9990
2 48714  98.4523 254.9590 0010079 114.2890 245.9389 15.06975123242022
1 48714U 02032AX  25294.85747001  .00165651  00000-0  10763-1 0  9997
2 48714  98.4526 255.5408 0010330 114.2158 246.0147 15.07158144242107
1 48714U 02032AX  25294.85747002  .00165651  00000-0  10763-1 0  9998
2 48714  98.4526 255.5408 0010330 114.2158 246.0147 15.07158144242107
1 48714U 02032AX  25295.85322257  .00159359  00000-0  10270-1 0  9991
2 48714  98.4503 256.6328 0011166 114.9888 245.2498 15.07488103242257
1 48714U 02032AX  25295.85322257  .00159359  00000-0  10270-1 0  9991
2 48714  98.4503 256.6328 0011166 114.9888 245.2498 15.07488102242256
1 48714U 02032AX  25296.38420090  .00180497  00000-0  11539-1 0  9990
2 48714  98.4533 257.2168 0011177 114.4453 245.7939 15.07672833242333
1 48714U 02032AX  25296.38420091  .00180497  00000-0  11539-1 0  9991
2 48714  98.4533 257.2168 0011177 114.4453 245.7939 15.07672833242333
1 48714U 02032AX  25296.84875214  .00161416  00000-0  10303-1 0  9991
2 48714  98.4529 257.7279 0011272 115.4721 244.7671 15.07832734242409
1 48714U 02032AX  25297.84406022  .00161165  00000-0  10194-1 0  9998
2 48714  98.4537 258.8224 0011564 115.0148 245.2280 15.08165435242559
1 48714U 02032AX  25297.84406022  .00161165  00000-0  10194-1 0  9998
2 48714  98.4537 258.8224 0011564 115.0148 245.2280 15.08165435242559
1 48714U 02032AX  25298.83914432  .00155325  00000-0  97417-2 0  9992
2 48714  98.4559 259.9180 0011992 113.9882 246.2600 15.08503709242707
1 48714U 02032AX  25298.83914432  .00155325  00000-0  97417-2 0  9992
2 48714  98.4559 259.9180 0011992 113.9882 246.2600 15.08503709242707
1 48714U 02032AX  25299.83402051  .00144059  00000-0  89753-2 0  9998
2 48714  98.4567 261.0122 0012367 113.9332 246.3191 15.08802746242858
1 48714U 02032AX  25299.83402051  .00144059  00000-0  89753-2 0  9998
2 48714  98.4567 261.0122 0012367 113.9332 246.3191 15.08802746242858
1 48714U 02032AX  25303.14879902  .00184081  00000-0  11069-1 0  9994
2 48714  98.4578 264.6662 0012899 111.1552 249.1054 15.09889759243357
1 48714U 02032AX  25305.86492979  .00143570  00000-0  84512-2 0  9992
2 48714  98.4569 267.6647 0012942 108.7698 251.4934 15.10873293243761
1 48714U 02032AX  25306.85824682  .00147325  00000-0  85955-2 0  9996
2 48714  98.4564 268.7616 0012942 107.7825 252.4816 15.11176733243918
1 48714U 02032AX  25308.11614089  .00150357  00000-0  86627-2 0  9991
2 48714  98.4543 270.1477 0014048 104.9311 255.3473 15.11605182244103
1 48714U 02032AX  25308.11614090  .00150357  00000-0  86627-2 0  9993
2 48714  98.4543 270.1477 0014048 104.9311 255.3473 15.11605182244103
1 48714U 02032AX  25308.84422839  .00130085  00000-0  74675-2 0  9997
2 48714  98.4585 270.9564 0014163 104.4643 255.8157 15.11838971244215
1 48714U 02032AX  25308.84422840  .00130085  00000-0  74675-2 0  9999
2 48714  98.4585 270.9564 0014163 104.4643 255.8158 15.11838971244216
1 48714U 02032AX  25309.83688444  .00169028  00000-0  95491-2 0  9991
2 48714  98.4539 272.0512 0014755 105.0451 255.2411 15.12212100244365
1 48714U 02032AX  25310.63080267  .00225900  00000-0  12513-1 0  9995
2 48714  98.4538 272.9290 0014961 104.5394 255.7494 15.12636061244480
1 48714U 02032AX  25310.63080268  .00225900  00000-0  12513-1 0  9996
2 48714  98.4538 272.9290 0014961 104.5394 255.7494 15.12636061244480
1 48714U 02032AX  25311.62292809  .00235197  00000-0  12855-1 0  9990
2 48714  98.4534 274.0269 0015207 103.5298 256.7625 15.13068210244631
1 48714U 02032AX  25312.15193727  .00176076  00000-0  96414-2 0  9992
2 48714  98.4565 274.6152 0015548 103.4273 256.8689 15.13290429244711
1 48714U 02032AX  25312.15193727  .00176076  00000-0  96414-2 0  9992
2 48714  98.4565 274.6152 0015548 103.4273 256.8689 15.13290429244711
1 48714U 02032AX  25314.86181523  .00243564  00000-0  12774-1 0  9996
2 48714  98.4511 277.6194 0015226 101.6214 258.6725 15.14501870245122
1 48714U 02032AX  25315.85267611  .00234589  00000-0  12143-1 0  9996
2 48714  98.4485 278.7180 0015179 101.1741 259.1195 15.15013308245274
1 48714U 02032AX  25322.84228667  .00198674  00000-0  91414-2 0  9994
2 48714  98.4541 286.5225 0016182  96.5471 263.7604 15.19307448246335
1 48714U 02032AX  25322.84228667  .00198674  00000-0  91414-2 0  9994
2 48714  98.4541 286.5225 0016182  96.5471 263.7604 15.19307448246335
1 48714U 02032AX  25328.36997913  .00284900  00000-0  11963-1 0  9992
2 48714  98.4556 292.7224 0018147  90.2271 270.1041 15.22024657247173
1 48714U 02032AX  25328.36997914  .00284900  00000-0  11963-1 0  9993
2 48714  98.4556 292.7224 0018147  90.2271 270.1041 15.22024657247173
1 48714U 02032AX  25329.35604875  .00314114  00000-0  12989-1 0  9994
2 48714  98.4559 293.8211 0018218  95.0564 265.2749 15.22414280247323
1 48714U 02032AX  25329.88181215  .00268847  00000-0  11091-1 0  9994
2 48714  98.4565 294.4104 0018862  95.1731 265.1656 15.22691818247409
1 48714U 02032AX  25329.88181216  .00268847  00000-0  11091-1 0  9995
2 48714  98.4565 294.4104 0018862  95.1731 265.1656 15.22691818247409
1 48714U 02032AX  25330.40747615  .00231273  00000-0  95126-2 0  9991
2 48714  98.4519 295.0007 0019121  93.5701 266.7720 15.22958494247488
1 48714U 02032AX  25330.40747615  .00231273  00000-0  95126-2 0  9991
2 48714  98.4519 295.0007 0019121  93.5701 266.7720 15.22958494247488
1 48714U 02032AX  25335.85566921  .00303752  00000-0  11335-1 0  9995
2 48714  98.4505 301.1403 0018506  87.5880 272.7474 15.25918259248313
1 48714U 02032AX  25335.85566922  .00303752  00000-0  11335-1 0  9996
2 48714  98.4505 301.1404 0018506  87.5880 272.7474 15.25918259248314
1 48714U 02032AX  25337.36336413  .00435190  00000-0  15417-1 0  9991
2 48714  98.4494 302.8440 0018520  90.0529 270.2829 15.27068054248547
1 48714U 02032AX  25337.36336414  .00435190  00000-0  15417-1 0  9992
2 48714  98.4494 302.8440 0018520  90.0529 270.2829 15.27068054248547
1 48714U 02032AX  25339.65505957  .00637461  00000-0  20686-1 0  9995
2 48714  98.4503 305.4430 0018130  92.7630 267.5682 15.29499384248895
1 48714U 02032AX  25340.17838577  .00455598  00000-0  14788-1 0  9996
2 48714  98.4551 306.0367 0018474  94.1860 266.1489 15.29857148248971
1 48714U 02032AX  25340.37458606  .00596158  00000-0  19064-1 0  9999
2 48714  98.4552 306.2596 0018641  94.9583 265.3783 15.30121857249000
1 48714U 02032AX  25341.15914804  .00469794  00000-0  14777-1 0  9994
2 48714  98.4537 307.1527 0018457  95.2158 265.1187 15.30820476249126
1 48714U 02032AX  25341.35522604  .00571362  00000-0  17595-1 0  9995
2 48714  98.4487 307.3751 0018829  95.9752 264.3633 15.31069008249158
1 48714U 02032AX  25342.40058839  .00444240  00000-0  13513-1 0  9996
2 48714  98.4481 308.5656 0019372  95.9676 264.3771 15.31996573249315
1 48714U 02032AX  25342.85773821  .00427863  00000-0  12893-1 0  9992
2 48714  98.4495 309.0856 0019180  96.8363 263.5059 15.32369605249386
1 48714U 02032AX  25342.85773821  .00427863  00000-0  12893-1 0  9992
2 48714  98.4495 309.0856 0019180  96.8363 263.5059 15.32369605249386
1 48714U 02032AX  25344.35889580  .00639801  00000-0  18071-1 0  9990
2 48714  98.4497 310.8004 0019606  97.8978 262.4488 15.33949841249616
1 48714U 02032AX  25344.35889580  .00639801  00000-0  18071-1 0  9990
2 48714  98.4497 310.8003 0019606  97.8978 262.4488 15.33949841249615
1 48714U 02032AX  25345.85836624  .00475568  00000-0  12837-1 0  9999
2 48714  98.4498 312.5168 0019460  97.8276 262.5175 15.35665307249849
1 48714U 02032AX  25345.85836624  .00475568  00000-0  12837-1 0  9999
2 48714  98.4498 312.5168 0019460  97.8276 262.5175 15.35665307249849
1 48714U 02032AX  25346.37947727  .00673591  00000-0  17492-1 0  9992
2 48714  98.4532 313.1187 0019562  99.2641 261.0813 15.36483984249923
1 48714U 02032AX  25347.87646912  .00512944  00000-0  12696-1 0  9995
2 48714  98.4499 314.8375 0019743 100.1870 260.1600 15.38214437250157
1 48714U 02032AX  25348.85195542  .00310649  00000-0  76807-2 0  9995
2 48714  98.4497 315.9611 0020556 101.2358 259.1196 15.39032103250301
1 48714U 02032AX  25349.37201803  .00383256  00000-0  92629-2 0  9995
2 48714  98.4463 316.5576 0020809 101.5707 258.7873 15.39439835250381
1 48714U 02032AX  25352.35953913  .00595182  00000-0  12820-1 0  9990
2 48714  98.4447 320.0060 0020987  98.7435 261.6187 15.42116925250841
1 48714U 02032AX  25352.87856873  .00477568  00000-0  10296-1 0  9996
2 48714  98.4471 320.6067 0020618  99.4222 260.9354 15.42544873250928
1 48714U 02032AX  25354.88832172  .00442176  00000-0  90217-2 0  9994
2 48714  98.4487 322.9368 0020719  98.7788 261.5805 15.44320360251233
1 48714U 02032AX  25354.88832173  .00442176  00000-0  90217-2 0  9995
2 48714  98.4487 322.9368 0020719  98.7788 261.5805 15.44320360251233
1 48714U 02032AX  25355.66565189  .00755307  00000-0  14570-1 0  9992
2 48714  98.4523 323.8430 0021064 100.7641 259.5977 15.45229670251353
1 48714U 02032AX  25355.66565189  .00755307  00000-0  14570-1 0  9992
2 48714  98.4523 323.8430 0021064 100.7641 259.5977 15.45229670251353
1 48714U 02032AX  25356.37776588  .00823689  00000-0  15230-1 0  9991
2 48714  98.4468 324.6691 0022505 101.8909 258.4863 15.46232926251462
1 48714U 02032AX  25357.86516766  .00651943  00000-0  11313-1 0  9996
2 48714  98.4452 326.4032 0021814 102.5020 257.8669 15.48267541251693
1 48714U 02032AX  25357.86516767  .00651943  00000-0  11313-1 0  9997
2 48714  98.4452 326.4032 0021814 102.5020 257.8669 15.48267541251693
1 48714U 02032AY  25121.30931764  .00068252  00000-0  83267-2 0  9996
2 48714  98.4579  69.5513 0014925  73.5829 286.7022 14.82914017216230